10 8
20 15
30 20
40 25
50 30
60 35
70 40
80 45
90 50
100 55
110 60
120 67
130 76
140 84
150 93
160 100
170 107
180 115
190 123
200 129
210 135
220 143
230 148
240 156
250 163
260 169
270 175
280 181
290 184
300 187
310 192
320 196
330 200
340 206
350 212
360 216
370 223
380 227
390 234
400 238
410 240
420 242
430 247
440 254
450 260
460 264
470 268
480 273
490 278
500 279
510 283
520 286
530 291
540 298
550 301
560 304
570 307
580 310
590 315
600 319
610 325
620 330
630 334
640 339
650 345
660 348
670 354
680 358
690 359
700 361
710 365
720 369
730 370
740 374
750 377
760 381
770 384
780 386
790 390
800 394
810 398
820 400
830 404
840 407
850 412
860 414
870 419
880 424
890 426
900 429
910 433
920 437
930 441
940 445
950 449
960 453
970 458
980 464
990 470
1000 473
1010 477
1020 480
1030 482
1040 487
1050 493
1060 495
1070 499
1080 503
1090 510
1100 517
1110 520
1120 526
1130 531
1140 534
1150 537
1160 542
1170 546
1180 548
1190 550
1200 553
1210 555
1220 559
1230 563
1240 567
1250 571
1260 573
1270 578
1280 583
1290 583
1300 586
1310 590
1320 591
1330 593
1340 595
1350 599
1360 601
1370 604
1380 607
1390 608
1400 611
1410 615
1420 619
1430 623
1440 627
1450 630
1460 631
1470 633
1480 635
1490 635
1500 637
1510 641
1520 643
1530 645
1540 649
1550 650
1560 652
1570 655
1580 659
1590 662
1600 664
1610 667
1620 669
1630 673
1640 676
1650 676
1660 676
1670 677
1680 677
1690 677
1700 678
1710 678
1720 680
1730 681
1740 682
1750 683
1760 683
1770 684
1780 686
1790 686
1800 687
1810 690
1820 692
1830 693
1840 694
1850 696
1860 697
1870 698
1880 700
1890 703
1900 705
1910 708
1920 711
1930 714
1940 716
1950 720
1960 724
1970 724
1980 727
1990 728
2000 730
2010 733
2020 736
2030 739
2040 741
2050 742
2060 745
2070 748
2080 750
2090 752
2100 753
2110 755
2120 757
2130 759
2140 760
2150 763
2160 766
2170 770
2180 772
2190 775
2200 776
2210 778
2220 778
2230 779
2240 781
2250 784
2260 786
2270 787
2280 788
2290 789
2300 791
2310 794
2320 794
2330 795
2340 797
2350 800
2360 802
2370 802
2380 804
2390 806
2400 807
2410 807
2420 808
2430 811
2440 813
2450 816
2460 818
2470 818
2480 818
2490 824
2500 825
2510 827
2520 829
2530 832
2540 832
2550 832
2560 833
2570 833
2580 833
2590 837
2600 840
2610 841
2620 842
2630 846
2640 850
2650 853
2660 858
2670 862
2680 864
2690 868
2700 869
2710 871
2720 873
2730 876
2740 876
2750 879
2760 882
2770 884
2780 888
2790 889
2800 893
2810 894
2820 895
2830 897
2840 899
2850 900
2860 903
2870 904
2880 906
2890 908
2900 910
2910 914
2920 915
2930 918
2940 922
2950 922
2960 925
2970 928
2980 930
2990 932
3000 933
3010 936
3020 940
3030 941
3040 941
3050 943
3060 945
3070 946
3080 949
3090 949
3100 952
3110 955
3120 957
3130 960
3140 962
3150 963
3160 965
3170 968
3180 969
3190 971
3200 972
3210 974
3220 974
3230 975
3240 979
3250 980
3260 983
3270 988
3280 991
3290 993
3300 995
3310 997
3320 999
3330 999
3340 1004
3350 1005
3360 1007
3370 1008
3380 1010
3390 1012
3400 1013
3410 1016
3420 1017
3430 1018
3440 1018
3450 1019
3460 1022
3470 1025
3480 1029
3490 1032
3500 1034
3510 1037
3520 1040
3530 1041
3540 1044
3550 1048
3560 1050
3570 1053
3580 1054
3590 1058
3600 1062
3610 1065
3620 1067
3630 1068
3640 1069
3650 1070
3660 1070
3670 1070
3680 1071
3690 1072
3700 1074
3710 1075
3720 1076
3730 1078
3740 1078
3750 1079
3760 1080
3770 1082
3780 1083
3790 1085
3800 1087
3810 1090
3820 1091
3830 1092
3840 1094
3850 1097
3860 1098
3870 1098
3880 1099
3890 1100
3900 1101
3910 1102
3920 1103
3930 1104
3940 1105
3950 1108
3960 1108
3970 1109
3980 1113
3990 1116
4000 1118
4010 1118
4020 1122
4030 1124
4040 1125
4050 1125
4060 1127
4070 1128
4080 1129
4090 1131
4100 1134
4110 1137
4120 1144
4130 1145
4140 1145
4150 1147
4160 1150
4170 1150
4180 1150
4190 1150
4200 1151
4210 1153
4220 1157
4230 1160
4240 1162
4250 1164
4260 1166
4270 1169
4280 1171
4290 1172
4300 1174
4310 1176
4320 1178
4330 1181
4340 1181
4350 1182
4360 1185
4370 1186
4380 1187
4390 1187
4400 1190
4410 1192
4420 1192
4430 1193
4440 1193
4450 1194
4460 1194
4470 1195
4480 1196
4490 1198
4500 1199
4510 1199
4520 1201
4530 1202
4540 1203
4550 1206
4560 1209
4570 1209
4580 1210
4590 1210
4600 1213
4610 1214
4620 1217
4630 1222
4640 1223
4650 1223
4660 1226
4670 1226
4680 1227
4690 1227
4700 1230
4710 1232
4720 1233
4730 1235
4740 1236
4750 1238
4760 1238
4770 1242
4780 1243
4790 1245
4800 1247
4810 1252
4820 1254
4830 1257
4840 1261
4850 1262
4860 1262
4870 1263
4880 1265
4890 1267
4900 1268
4910 1269
4920 1272
4930 1276
4940 1277
4950 1279
4960 1282
4970 1282
4980 1285
4990 1286
5000 1287
5010 1292
5020 1293
5030 1293
5040 1294
5050 1295
5060 1297
5070 1299
5080 1299
5090 1301
5100 1302
5110 1304
5120 1306
5130 1308
5140 1309
5150 1309
5160 1310
5170 1310
5180 1312
5190 1314
5200 1315
5210 1317
5220 1317
5230 1318
5240 1318
5250 1319
5260 1319
5270 1320
5280 1322
5290 1324
5300 1324
5310 1326
5320 1329
5330 1329
5340 1329
5350 1331
5360 1333
5370 1338
5380 1341
5390 1343
5400 1343
5410 1345
5420 1347
5430 1350
5440 1352
5450 1353
5460 1353
5470 1355
5480 1355
5490 1355
5500 1358
5510 1359
5520 1359
5530 1361
5540 1364
5550 1364
5560 1367
5570 1369
5580 1369
5590 1371
5600 1372
5610 1373
5620 1373
5630 1375
5640 1378
5650 1380
5660 1382
5670 1384
5680 1385
5690 1385
5700 1385
5710 1388
5720 1391
5730 1392
5740 1393
5750 1394
5760 1394
5770 1394
5780 1396
5790 1399
5800 1403
5810 1403
5820 1405
5830 1408
5840 1408
5850 1410
5860 1413
5870 1415
5880 1418
5890 1421
5900 1426
5910 1429
5920 1436
5930 1440
5940 1445
5950 1450
5960 1452
5970 1453
5980 1455
5990 1455
6000 1456
6010 1458
6020 1460
6030 1460
6040 1463
6050 1464
6060 1465
6070 1467
6080 1469
6090 1469
6100 1471
6110 1472
6120 1473
6130 1475
6140 1477
6150 1477
6160 1478
6170 1480
6180 1481
6190 1481
6200 1485
6210 1485
6220 1487
6230 1488
6240 1489
6250 1489
6260 1489
6270 1492
6280 1492
6290 1495
6300 1497
6310 1499
6320 1499
6330 1499
6340 1500
6350 1503
6360 1503
6370 1504
6380 1505
6390 1507
6400 1507
6410 1508
6420 1510
6430 1514
6440 1517
6450 1518
6460 1520
6470 1520
6480 1521
6490 1522
6500 1522
6510 1523
6520 1524
6530 1526
6540 1526
6550 1529
6560 1531
6570 1532
6580 1534
6590 1536
6600 1536
6610 1537
6620 1540
6630 1542
6640 1543
6650 1544
6660 1545
6670 1545
6680 1546
6690 1548
6700 1549
6710 1549
6720 1549
6730 1552
6740 1553
6750 1555
6760 1555
6770 1555
6780 1558
6790 1560
6800 1562
6810 1565
6820 1566
6830 1568
6840 1570
6850 1571
6860 1574
6870 1575
6880 1576
6890 1576
6900 1578
6910 1580
6920 1585
6930 1586
6940 1588
6950 1590
6960 1592
6970 1592
6980 1594
6990 1596
7000 1596
7010 1597
7020 1599
7030 1600
7040 1602
7050 1603
7060 1603
7070 1605
7080 1605
7090 1605
7100 1606
7110 1607
7120 1608
7130 1610
7140 1610
7150 1610
7160 1611
7170 1613
7180 1616
7190 1617
7200 1621
7210 1622
7220 1623
7230 1623
7240 1623
7250 1624
7260 1628
7270 1629
7280 1629
7290 1629
7300 1632
7310 1633
7320 1633
7330 1634
7340 1638
7350 1638
7360 1640
7370 1644
7380 1646
7390 1650
7400 1654
7410 1654
7420 1656
7430 1658
7440 1659
7450 1661
7460 1661
7470 1662
7480 1664
7490 1665
7500 1667
7510 1668
7520 1670
7530 1672
7540 1674
7550 1677
7560 1677
7570 1678
7580 1680
7590 1681
7600 1682
7610 1684
7620 1688
7630 1691
7640 1691
7650 1693
7660 1694
7670 1695
7680 1696
7690 1697
7700 1697
7710 1697
7720 1697
7730 1697
7740 1699
7750 1699
7760 1701
7770 1702
7780 1705
7790 1706
7800 1706
7810 1710
7820 1711
7830 1713
7840 1715
7850 1715
7860 1717
7870 1721
7880 1722
7890 1722
7900 1723
7910 1724
7920 1728
7930 1730
7940 1731
7950 1731
7960 1731
7970 1732
7980 1734
7990 1734
8000 1734
8010 1735
8020 1735
8030 1736
8040 1737
8050 1738
8060 1741
8070 1742
8080 1743
8090 1745
8100 1745
8110 1746
8120 1746
8130 1747
8140 1748
8150 1752
8160 1755
8170 1760
8180 1762
8190 1764
8200 1768
8210 1769
8220 1770
8230 1770
8240 1771
8250 1774
8260 1775
8270 1775
8280 1777
8290 1778
8300 1778
8310 1778
8320 1779
8330 1781
8340 1781
8350 1782
8360 1784
8370 1786
8380 1786
8390 1787
8400 1788
8410 1791
8420 1793
8430 1794
8440 1795
8450 1796
8460 1796
8470 1796
8480 1797
8490 1799
8500 1800
8510 1802
8520 1802
8530 1803
8540 1803
8550 1805
8560 1807
8570 1808
8580 1809
8590 1811
8600 1813
8610 1815
8620 1815
8630 1819
8640 1821
8650 1823
8660 1828
8670 1831
8680 1832
8690 1834
8700 1835
8710 1838
8720 1842
8730 1844
8740 1844
8750 1844
8760 1846
8770 1847
8780 1848
8790 1852
8800 1852
8810 1855
8820 1857
8830 1857
8840 1860
8850 1863
8860 1865
8870 1867
8880 1868
8890 1871
8900 1872
8910 1873
8920 1873
8930 1873
8940 1874
8950 1877
8960 1878
8970 1881
8980 1883
8990 1884
9000 1885
9010 1886
9020 1889
9030 1889
9040 1891
9050 1891
9060 1892
9070 1893
9080 1895
9090 1898
9100 1900
9110 1901
9120 1903
9130 1904
9140 1904
9150 1907
9160 1907
9170 1909
9180 1912
9190 1912
9200 1912
9210 1917
9220 1919
9230 1920
9240 1921
9250 1921
9260 1922
9270 1923
9280 1923
9290 1925
9300 1929
9310 1930
9320 1931
9330 1933
9340 1933
9350 1937
9360 1938
9370 1940
9380 1940
9390 1940
9400 1940
9410 1941
9420 1941
9430 1942
9440 1943
9450 1943
9460 1944
9470 1945
9480 1946
9490 1947
9500 1947
9510 1947
9520 1948
9530 1949
9540 1949
9550 1954
9560 1955
9570 1956
9580 1956
9590 1956
9600 1958
9610 1959
9620 1959
9630 1961
9640 1962
9650 1967
9660 1970
9670 1972
9680 1974
9690 1974
9700 1975
9710 1975
9720 1976
9730 1977
9740 1978
9750 1979
9760 1980
9770 1980
9780 1982
9790 1984
9800 1985
9810 1987
9820 1990
9830 1994
9840 1996
9850 1998
9860 1998
9870 1999
9880 1999
9890 2002
9900 2004
9910 2005
9920 2005
9930 2006
9940 2007
9950 2007
9960 2010
9970 2011
9980 2012
9990 2012
10000 2014
10010 2015
10020 2015
10030 2019
10040 2020
10050 2023
10060 2023
10070 2023
10080 2024
10090 2025
10100 2027
10110 2027
10120 2029
10130 2031
10140 2032
10150 2032
10160 2033
10170 2033
10180 2035
10190 2036
10200 2038
10210 2039
10220 2039
10230 2041
10240 2042
10250 2043
10260 2044
10270 2044
10280 2045
10290 2045
10300 2046
10310 2047
10320 2047
10330 2047
10340 2049
10350 2049
10360 2050
10370 2050
10380 2050
10390 2052
10400 2053
10410 2053
10420 2054
10430 2055
10440 2057
10450 2057
10460 2059
10470 2062
10480 2065
10490 2065
10500 2065
10510 2066
10520 2069
10530 2070
10540 2070
10550 2072
10560 2073
10570 2074
10580 2075
10590 2075
10600 2077
10610 2077
10620 2079
10630 2079
10640 2080
10650 2081
10660 2082
10670 2083
10680 2085
10690 2089
10700 2090
10710 2091
10720 2092
10730 2093
10740 2093
10750 2094
10760 2094
10770 2096
10780 2096
10790 2098
10800 2099
10810 2099
10820 2100
10830 2101
10840 2101
10850 2104
10860 2105
10870 2105
10880 2105
10890 2106
10900 2107
10910 2110
10920 2114
10930 2114
10940 2115
10950 2118
10960 2120
10970 2121
10980 2121
10990 2121
11000 2121
11010 2122
11020 2123
11030 2124
11040 2125
11050 2126
11060 2127
11070 2128
11080 2129
11090 2132
11100 2133
11110 2136
11120 2138
11130 2142
11140 2142
11150 2143
11160 2143
11170 2144
11180 2145
11190 2146
11200 2146
11210 2146
11220 2148
11230 2149
11240 2151
11250 2151
11260 2153
11270 2155
11280 2155
11290 2155
11300 2158
11310 2158
11320 2163
11330 2164
11340 2167
11350 2167
11360 2167
11370 2167
11380 2169
11390 2170
11400 2172
11410 2172
11420 2173
11430 2174
11440 2175
11450 2176
11460 2177
11470 2177
11480 2178
11490 2178
11500 2178
11510 2178
11520 2179
11530 2179
11540 2181
11550 2182
11560 2183
11570 2184
11580 2184
11590 2184
11600 2184
11610 2184
11620 2185
11630 2185
11640 2186
11650 2186
11660 2186
11670 2186
11680 2186
11690 2187
11700 2188
11710 2188
11720 2188
11730 2188
11740 2189
11750 2190
11760 2190
11770 2190
11780 2190
11790 2190
11800 2191
11810 2192
11820 2192
11830 2193
11840 2194
11850 2194
11860 2194
11870 2195
11880 2196
11890 2196
11900 2198
11910 2198
11920 2199
11930 2199
11940 2199
11950 2200
11960 2202
11970 2203
11980 2205
11990 2205
12000 2206
12010 2208
12020 2208
12030 2209
12040 2210
12050 2210
12060 2211
12070 2212
12080 2214
12090 2214
12100 2217
12110 2218
12120 2220
12130 2220
12140 2220
12150 2222
12160 2222
12170 2222
12180 2222
12190 2223
12200 2224
12210 2224
12220 2226
12230 2226
12240 2226
12250 2226
12260 2228
12270 2229
12280 2230
12290 2231
12300 2232
12310 2233
12320 2235
12330 2237
12340 2238
12350 2238
12360 2239
12370 2239
12380 2240
12390 2240
12400 2240
12410 2240
12420 2241
12430 2242
12440 2242
12450 2244
12460 2244
12470 2244
12480 2246
12490 2246
12500 2247
12510 2249
12520 2249
12530 2251
12540 2251
12550 2252
12560 2253
12570 2254
12580 2254
12590 2255
12600 2255
12610 2255
12620 2255
12630 2258
12640 2259
12650 2260
12660 2261
12670 2261
12680 2261
12690 2261
12700 2262
12710 2262
12720 2262
12730 2262
12740 2262
12750 2262
12760 2262
12770 2264
12780 2264
12790 2266
12800 2267
12810 2267
12820 2269
12830 2269
12840 2270
12850 2272
12860 2274
12870 2275
12880 2279
12890 2281
12900 2284
12910 2285
12920 2287
12930 2287
12940 2287
12950 2287
12960 2287
12970 2287
12980 2287
12990 2287
13000 2289
13010 2291
13020 2292
13030 2292
13040 2292
13050 2293
13060 2293
13070 2294
13080 2295
13090 2296
13100 2297
13110 2298
13120 2299
13130 2301
13140 2301
13150 2302
13160 2303
13170 2303
13180 2304
13190 2306
13200 2309
13210 2309
13220 2309
13230 2310
13240 2311
13250 2313
13260 2313
13270 2313
13280 2314
13290 2315
13300 2315
13310 2318
13320 2318
13330 2318
13340 2320
13350 2322
13360 2322
13370 2323
13380 2324
13390 2326
13400 2327
13410 2327
13420 2328
13430 2328
13440 2329
13450 2329
13460 2329
13470 2329
13480 2330
13490 2331
13500 2332
13510 2333
13520 2334
13530 2334
13540 2334
13550 2334
13560 2334
13570 2334
13580 2334
13590 2335
13600 2335
13610 2335
13620 2335
13630 2337
13640 2339
13650 2340
13660 2340
13670 2340
13680 2340
13690 2340
13700 2340
13710 2340
13720 2341
13730 2341
13740 2341
13750 2341
13760 2342
13770 2343
13780 2343
13790 2343
13800 2343
13810 2345
13820 2345
13830 2346
13840 2346
13850 2346
13860 2346
13870 2347
13880 2347
13890 2348
13900 2348
13910 2348
13920 2348
13930 2348
13940 2349
13950 2349
13960 2351
13970 2351
13980 2351
13990 2351
14000 2351
14010 2351
14020 2351
14030 2352
14040 2352
14050 2352
14060 2356
14070 2357
14080 2358
14090 2359
14100 2360
14110 2360
14120 2360
14130 2360
14140 2362
14150 2362
14160 2363
14170 2363
14180 2363
14190 2363
14200 2364
14210 2365
14220 2365
14230 2367
14240 2367
14250 2367
14260 2367
14270 2368
14280 2368
14290 2368
14300 2369
14310 2370
14320 2372
14330 2373
14340 2373
14350 2373
14360 2373
14370 2373
14380 2374
14390 2374
14400 2374
14410 2374
14420 2375
14430 2375
14440 2375
14450 2375
14460 2376
14470 2376
14480 2376
14490 2378
14500 2379
14510 2381
14520 2381
14530 2381
14540 2381
14550 2381
14560 2381
14570 2381
14580 2381
14590 2382
14600 2383
14610 2384
14620 2384
14630 2384
14640 2384
14650 2384
14660 2385
14670 2385
14680 2385
14690 2385
14700 2385
14710 2385
14720 2385
14730 2385
14740 2387
14750 2387
14760 2388
14770 2388
14780 2388
14790 2389
14800 2391
14810 2393
14820 2393
14830 2393
14840 2393
14850 2394
14860 2396
14870 2396
14880 2396
14890 2399
14900 2399
14910 2400
14920 2401
14930 2401
14940 2403
14950 2403
14960 2403
14970 2403
14980 2405
14990 2407
15000 2407
15010 2407
15020 2409
15030 2409
15040 2410
15050 2411
15060 2411
15070 2411
15080 2411
15090 2411
15100 2412
15110 2413
15120 2415
15130 2415
15140 2415
15150 2415
15160 2417
15170 2417
15180 2417
15190 2418
15200 2419
15210 2419
15220 2419
15230 2419
15240 2419
15250 2419
15260 2420
15270 2423
15280 2424
15290 2425
15300 2425
15310 2426
15320 2427
15330 2427
15340 2427
15350 2427
15360 2427
15370 2427
15380 2427
15390 2427
15400 2427
15410 2427
15420 2428
15430 2429
15440 2430
15450 2430
15460 2430
15470 2430
15480 2430
15490 2432
15500 2432
15510 2433
15520 2435
15530 2435
15540 2436
15550 2436
15560 2437
15570 2440
15580 2441
15590 2441
15600 2442
15610 2442
15620 2445
15630 2447
15640 2447
15650 2448
15660 2449
15670 2449
15680 2450
15690 2450
15700 2450
15710 2451
15720 2451
15730 2451
15740 2451
15750 2452
15760 2452
15770 2452
15780 2453
15790 2453
15800 2454
15810 2454
15820 2454
15830 2456
15840 2456
15850 2456
15860 2456
15870 2456
15880 2457
15890 2457
15900 2457
15910 2457
15920 2457
15930 2457
15940 2457
15950 2457
15960 2459
15970 2459
15980 2460
15990 2460
16000 2460
16010 2461
16020 2462
16030 2463
16040 2464
16050 2464
16060 2466
16070 2467
16080 2468
16090 2468
16100 2469
16110 2469
16120 2469
16130 2469
16140 2470
16150 2472
16160 2473
16170 2473
16180 2473
16190 2473
16200 2473
16210 2473
16220 2473
16230 2473
16240 2473
16250 2473
16260 2473
16270 2473
16280 2473
16290 2473
16300 2473
16310 2473
16320 2474
16330 2474
16340 2475
16350 2477
16360 2477
16370 2477
16380 2477
16390 2479
16400 2480
16410 2480
16420 2481
16430 2483
16440 2483
16450 2483
16460 2484
16470 2484
16480 2484
16490 2484
16500 2485
16510 2486
16520 2488
16530 2488
16540 2489
16550 2490
16560 2490
16570 2490
16580 2490
16590 2490
16600 2491
16610 2491
16620 2492
16630 2492
16640 2492
16650 2492
16660 2492
16670 2492
16680 2492
16690 2492
16700 2493
16710 2493
16720 2493
16730 2495
16740 2495
16750 2495
16760 2495
16770 2495
16780 2496
16790 2496
16800 2496
16810 2497
16820 2497
16830 2497
16840 2498
16850 2500
16860 2500
16870 2503
16880 2504
16890 2504
16900 2506
16910 2506
16920 2507
16930 2507
16940 2509
16950 2509
16960 2509
16970 2509
16980 2511
16990 2512
17000 2512
17010 2513
17020 2513
17030 2514
17040 2514
17050 2515
17060 2516
17070 2516
17080 2516
17090 2517
17100 2517
17110 2517
17120 2518
17130 2518
17140 2519
17150 2519
17160 2519
17170 2519
17180 2520
17190 2520
17200 2520
17210 2521
17220 2521
17230 2521
17240 2521
17250 2521
17260 2521
17270 2523
17280 2523
17290 2523
17300 2524
17310 2525
17320 2528
17330 2528
17340 2528
17350 2529
17360 2529
17370 2529
17380 2530
17390 2530
17400 2531
17410 2533
17420 2533
17430 2534
17440 2534
17450 2534
17460 2534
17470 2535
17480 2537
17490 2539
17500 2540
17510 2541
17520 2541
17530 2542
17540 2542
17550 2543
17560 2543
17570 2545
17580 2545
17590 2547
17600 2547
17610 2548
17620 2549
17630 2549
17640 2549
17650 2550
17660 2550
17670 2551
17680 2552
17690 2552
17700 2552
17710 2553
17720 2555
17730 2555
17740 2555
17750 2557
17760 2557
17770 2558
17780 2559
17790 2559
17800 2561
17810 2563
17820 2564
17830 2565
17840 2565
17850 2566
17860 2566
17870 2566
17880 2568
17890 2568
17900 2570
17910 2571
17920 2572
17930 2572
17940 2572
17950 2573
17960 2574
17970 2577
17980 2577
17990 2577
18000 2577
18010 2577
18020 2578
18030 2578
18040 2579
18050 2579
18060 2579
18070 2579
18080 2580
18090 2580
18100 2580
18110 2580
18120 2580
18130 2580
18140 2581
18150 2581
18160 2583
18170 2584
18180 2584
18190 2585
18200 2585
18210 2586
18220 2587
18230 2588
18240 2589
18250 2589
18260 2590
18270 2592
18280 2593
18290 2593
18300 2594
18310 2594
18320 2594
18330 2594
18340 2594
18350 2595
18360 2597
18370 2598
18380 2600
18390 2600
18400 2602
18410 2603
18420 2603
18430 2603
18440 2603
18450 2603
18460 2603
18470 2603
18480 2604
18490 2604
18500 2605
18510 2605
18520 2605
18530 2605
18540 2605
18550 2606
18560 2608
18570 2608
18580 2609
18590 2609
18600 2610
18610 2610
18620 2611
18630 2611
18640 2612
18650 2613
18660 2613
18670 2613
18680 2613
18690 2615
18700 2615
18710 2615
18720 2615
18730 2615
18740 2615
18750 2615
18760 2615
18770 2617
18780 2617
18790 2617
18800 2617
18810 2617
18820 2618
18830 2618
18840 2618
18850 2619
18860 2620
18870 2620
18880 2621
18890 2622
18900 2624
18910 2625
18920 2625
18930 2625
18940 2626
18950 2626
18960 2627
18970 2627
18980 2629
18990 2630
19000 2630
19010 2630
19020 2630
19030 2630
19040 2630
19050 2631
19060 2631
19070 2632
19080 2632
19090 2632
19100 2632
19110 2632
19120 2634
19130 2635
19140 2636
19150 2638
19160 2638
19170 2638
19180 2638
19190 2639
19200 2639
19210 2639
19220 2639
19230 2639
19240 2640
19250 2641
19260 2641
19270 2642
19280 2644
19290 2644
19300 2645
19310 2645
19320 2646
19330 2648
19340 2648
19350 2648
19360 2648
19370 2650
19380 2650
19390 2650
19400 2650
19410 2651
19420 2651
19430 2651
19440 2651
19450 2652
19460 2652
19470 2652
19480 2653
19490 2654
19500 2654
19510 2655
19520 2655
19530 2655
19540 2655
19550 2655
19560 2656
19570 2658
19580 2658
19590 2658
19600 2659
19610 2660
19620 2661
19630 2663
19640 2664
19650 2664
19660 2664
19670 2664
19680 2664
19690 2664
19700 2666
19710 2669
19720 2673
19730 2673
19740 2673
19750 2674
19760 2674
19770 2676
19780 2676
19790 2677
19800 2677
19810 2677
19820 2678
19830 2678
19840 2678
19850 2681
19860 2683
19870 2684
19880 2686
19890 2687
19900 2688
19910 2688
19920 2688
19930 2689
19940 2690
19950 2690
19960 2690
19970 2691
19980 2691
19990 2691
20000 2691
20010 2691
20020 2691
20030 2693
20040 2693
20050 2695
20060 2697
20070 2698
20080 2700
20090 2700
20100 2702
20110 2702
20120 2702
20130 2703
20140 2703
20150 2703
20160 2706
20170 2706
20180 2706
20190 2706
20200 2706
20210 2706
20220 2708
20230 2709
20240 2709
20250 2709
20260 2711
20270 2711
20280 2712
20290 2712
20300 2712
20310 2712
20320 2712
20330 2712
20340 2712
20350 2712
20360 2712
20370 2712
20380 2712
20390 2714
20400 2714
20410 2714
20420 2714
20430 2714
20440 2714
20450 2715
20460 2716
20470 2717
20480 2718
20490 2718
20500 2719
20510 2719
20520 2719
20530 2719
20540 2719
20550 2720
20560 2720
20570 2720
20580 2721
20590 2722
20600 2722
20610 2722
20620 2722
20630 2726
20640 2730
20650 2732
20660 2732
20670 2734
20680 2736
20690 2738
20700 2738
20710 2743
20720 2744
20730 2744
20740 2744
20750 2744
20760 2745
20770 2747
20780 2747
20790 2750
20800 2751
20810 2752
20820 2753
20830 2755
20840 2755
20850 2756
20860 2756
20870 2757
20880 2758
20890 2761
20900 2765
20910 2767
20920 2773
20930 2775
20940 2775
20950 2776
20960 2776
20970 2778
20980 2781
20990 2781
21000 2781
21010 2783
21020 2783
21030 2785
21040 2787
21050 2788
21060 2788
21070 2789
21080 2791
21090 2793
21100 2793
21110 2795
21120 2795
21130 2795
21140 2796
21150 2797
21160 2798
21170 2799
21180 2799
21190 2800
21200 2800
21210 2800
21220 2801
21230 2802
21240 2803
21250 2803
21260 2805
21270 2807
21280 2807
21290 2807
21300 2808
21310 2808
21320 2809
21330 2810
21340 2811
21350 2811
21360 2811
21370 2812
21380 2813
21390 2813
21400 2813
21410 2813
21420 2813
21430 2813
21440 2814
21450 2814
21460 2815
21470 2815
21480 2815
21490 2815
21500 2815
21510 2816
21520 2818
21530 2818
21540 2820
21550 2821
21560 2822
21570 2822
21580 2823
21590 2823
21600 2824
21610 2824
21620 2824
21630 2824
21640 2824
21650 2824
21660 2825
21670 2825
21680 2826
21690 2826
21700 2828
21710 2830
21720 2830
21730 2831
21740 2833
21750 2835
21760 2835
21770 2836
21780 2837
21790 2838
21800 2838
21810 2839
21820 2839
21830 2839
21840 2839
21850 2839
21860 2840
21870 2840
21880 2840
21890 2840
21900 2841
21910 2841
21920 2842
21930 2843
21940 2844
21950 2844
21960 2845
21970 2846
21980 2848
21990 2849
22000 2851
22010 2852
22020 2852
22030 2854
22040 2857
22050 2858
22060 2859
22070 2859
22080 2860
22090 2862
22100 2863
22110 2863
22120 2863
22130 2863
22140 2863
22150 2864
22160 2865
22170 2866
22180 2867
22190 2868
22200 2869
22210 2870
22220 2870
22230 2870
22240 2871
22250 2871
22260 2872
22270 2873
22280 2874
22290 2876
22300 2876
22310 2876
22320 2877
22330 2877
22340 2877
22350 2878
22360 2879
22370 2879
22380 2879
22390 2879
22400 2879
22410 2879
22420 2881
22430 2881
22440 2881
22450 2881
22460 2882
22470 2883
22480 2885
22490 2885
22500 2885
22510 2885
22520 2885
22530 2886
22540 2886
22550 2886
22560 2886
22570 2886
22580 2889
22590 2891
22600 2891
22610 2891
22620 2892
22630 2894
22640 2894
22650 2894
22660 2894
22670 2894
22680 2894
22690 2894
22700 2895
22710 2895
22720 2895
22730 2895
22740 2895
22750 2895
22760 2895
22770 2895
22780 2895
22790 2895
22800 2895
22810 2895
22820 2895
22830 2895
22840 2895
22850 2896
22860 2896
22870 2897
22880 2897
22890 2897
22900 2897
22910 2898
22920 2901
22930 2901
22940 2903
22950 2903
22960 2903
22970 2903
22980 2903
22990 2903
23000 2903
23010 2903
23020 2903
23030 2903
23040 2903
23050 2903
23060 2903
23070 2904
23080 2904
23090 2905
23100 2905
23110 2905
23120 2905
23130 2905
23140 2905
23150 2905
23160 2905
23170 2907
23180 2907
23190 2907
23200 2907
23210 2908
23220 2909
23230 2909
23240 2909
23250 2910
23260 2911
23270 2911
23280 2911
23290 2911
23300 2911
23310 2911
23320 2911
23330 2911
23340 2911
23350 2911
23360 2911
23370 2912
23380 2912
23390 2915
23400 2915
23410 2915
23420 2917
23430 2917
23440 2917
23450 2918
23460 2918
23470 2918
23480 2918
23490 2918
23500 2918
23510 2918
23520 2918
23530 2918
23540 2918
23550 2918
23560 2918
23570 2918
23580 2918
23590 2919
23600 2919
23610 2920
23620 2920
23630 2920
23640 2920
23650 2921
23660 2921
23670 2921
23680 2922
23690 2922
23700 2922
23710 2922
23720 2922
23730 2922
23740 2924
23750 2925
23760 2925
23770 2925
23780 2925
23790 2925
23800 2925
23810 2926
23820 2926
23830 2927
23840 2928
23850 2929
23860 2930
23870 2930
23880 2930
23890 2932
23900 2932
23910 2932
23920 2932
23930 2932
23940 2933
23950 2933
23960 2934
23970 2934
23980 2934
23990 2934
24000 2934
24010 2934
24020 2935
24030 2935
24040 2935
24050 2935
24060 2935
24070 2936
24080 2936
24090 2937
24100 2937
24110 2938
24120 2938
24130 2939
24140 2939
24150 2940
24160 2940
24170 2941
24180 2941
24190 2942
24200 2943
24210 2944
24220 2944
24230 2945
24240 2947
24250 2948
24260 2949
24270 2951
24280 2951
24290 2952
24300 2954
24310 2954
24320 2954
24330 2955
24340 2955
24350 2955
24360 2955
24370 2956
24380 2956
24390 2957
24400 2958
24410 2958
24420 2958
24430 2958
24440 2960
24450 2960
24460 2960
24470 2961
24480 2962
24490 2962
24500 2963
24510 2963
24520 2963
24530 2963
24540 2965
24550 2965
24560 2965
24570 2965
24580 2965
24590 2965
24600 2965
24610 2965
24620 2965
24630 2965
24640 2965
24650 2966
24660 2966
24670 2966
24680 2967
24690 2967
24700 2968
24710 2969
24720 2970
24730 2970
24740 2971
24750 2971
24760 2972
24770 2972
24780 2973
24790 2973
24800 2973
24810 2973
24820 2974
24830 2974
24840 2974
24850 2974
24860 2974
24870 2974
24880 2974
24890 2974
24900 2978
24910 2978
24920 2979
24930 2979
24940 2979
24950 2979
24960 2979
24970 2979
24980 2979
24990 2979
25000 2979
25010 2979
25020 2979
25030 2979
25040 2979
25050 2979
25060 2979
25070 2979
25080 2979
25090 2979
25100 2979
25110 2979
25120 2979
25130 2979
25140 2979
25150 2980
25160 2981
25170 2981
25180 2981
25190 2981
25200 2981
25210 2981
25220 2981
25230 2981
25240 2981
25250 2981
25260 2981
25270 2981
25280 2981
25290 2981
25300 2981
25310 2981
25320 2981
25330 2981
25340 2981
25350 2981
25360 2981
25370 2981
25380 2981
25390 2981
25400 2981
25410 2982
25420 2982
25430 2983
25440 2983
25450 2983
25460 2983
25470 2985
25480 2986
25490 2986
25500 2986
25510 2986
25520 2987
25530 2987
25540 2987
25550 2987
25560 2987
25570 2987
25580 2987
25590 2987
25600 2987
25610 2988
25620 2989
25630 2990
25640 2991
25650 2991
25660 2993
25670 2994
25680 2994
25690 2994
25700 2995
25710 2995
25720 2996
25730 2997
25740 2997
25750 2997
25760 2997
25770 2999
25780 2999
25790 2999
25800 3000
25810 3000
25820 3000
25830 3000
25840 3000
25850 3000
25860 3002
25870 3002
25880 3002
25890 3003
25900 3003
25910 3004
25920 3004
25930 3006
25940 3006
25950 3006
25960 3006
25970 3008
25980 3009
25990 3009
26000 3010
26010 3010
26020 3012
26030 3013
26040 3013
26050 3014
26060 3015
26070 3016
26080 3018
26090 3020
26100 3022
26110 3023
26120 3026
26130 3028
26140 3032
26150 3035
26160 3035
26170 3035
26180 3036
26190 3037
26200 3040
26210 3042
26220 3042
26230 3042
26240 3043
26250 3044
26260 3047
26270 3048
26280 3049
26290 3052
26300 3054
26310 3057
26320 3061
26330 3062
26340 3064
26350 3066
26360 3069
26370 3072
26380 3072
26390 3072
26400 3076
26410 3076
26420 3076
26430 3077
26440 3077
26450 3077
26460 3078
26470 3078
26480 3079
26490 3080
26500 3080
26510 3080
26520 3080
26530 3080
26540 3081
26550 3081
26560 3082
26570 3083
26580 3083
26590 3083
26600 3084
26610 3084
26620 3084
26630 3084
26640 3084
26650 3084
26660 3084
26670 3084
26680 3084
26690 3084
26700 3084
26710 3084
26720 3085
26730 3085
26740 3085
26750 3086
26760 3087
26770 3087
26780 3087
26790 3089
26800 3089
26810 3089
26820 3089
26830 3089
26840 3089
26850 3090
26860 3091
26870 3092
26880 3095
26890 3095
26900 3095
26910 3095
26920 3095
26930 3095
26940 3095
26950 3095
26960 3097
26970 3097
26980 3097
26990 3098
27000 3098
27010 3101
27020 3101
27030 3101
27040 3103
27050 3104
27060 3104
27070 3104
27080 3105
27090 3105
27100 3105
27110 3105
27120 3105
27130 3105
27140 3105
27150 3105
27160 3105
27170 3105
27180 3105
27190 3106
27200 3106
27210 3106
27220 3107
27230 3107
27240 3108
27250 3109
27260 3111
27270 3112
27280 3113
27290 3115
27300 3117
27310 3117
27320 3118
27330 3120
27340 3121
27350 3121
27360 3122
27370 3122
27380 3122
27390 3122
27400 3122
27410 3124
27420 3124
27430 3124
27440 3124
27450 3124
27460 3124
27470 3124
27480 3125
27490 3125
27500 3125
27510 3125
27520 3126
27530 3126
27540 3127
27550 3128
27560 3128
27570 3129
27580 3129
27590 3129
27600 3129
27610 3130
27620 3131
27630 3131
27640 3134
27650 3134
27660 3134
27670 3134
27680 3135
27690 3138
27700 3138
27710 3139
27720 3140
27730 3142
27740 3142
27750 3142
27760 3143
27770 3143
27780 3143
27790 3143
27800 3143
27810 3144
27820 3144
27830 3144
27840 3144
27850 3144
27860 3144
27870 3144
27880 3144
27890 3144
27900 3145
27910 3145
27920 3145
27930 3145
27940 3146
27950 3146
27960 3146
27970 3146
27980 3146
27990 3146
28000 3146
28010 3146
28020 3146
28030 3146
28040 3146
28050 3146
28060 3146
28070 3148
28080 3148
28090 3149
28100 3149
28110 3149
28120 3149
28130 3149
28140 3150
28150 3151
28160 3153
28170 3155
28180 3155
28190 3155
28200 3156
28210 3156
28220 3156
28230 3157
28240 3157
28250 3157
28260 3157
28270 3157
28280 3157
28290 3157
28300 3157
28310 3158
28320 3158
28330 3158
28340 3158
28350 3158
28360 3158
28370 3159
28380 3160
28390 3160
28400 3160
28410 3161
28420 3161
28430 3162
28440 3162
28450 3162
28460 3162
28470 3162
28480 3162
28490 3162
28500 3163
28510 3164
28520 3164
28530 3165
28540 3165
28550 3165
28560 3165
28570 3165
28580 3166
28590 3166
28600 3167
28610 3167
28620 3167
28630 3167
28640 3167
28650 3167
28660 3168
28670 3168
28680 3168
28690 3168
28700 3168
28710 3168
28720 3168
28730 3168
28740 3168
28750 3169
28760 3169
28770 3170
28780 3170
28790 3170
28800 3170
28810 3171
28820 3171
28830 3171
28840 3171
28850 3171
28860 3172
28870 3172
28880 3172
28890 3172
28900 3172
28910 3172
28920 3172
28930 3172
28940 3172
28950 3172
28960 3172
28970 3172
28980 3172
28990 3172
29000 3172
29010 3172
29020 3172
29030 3172
29040 3172
29050 3173
29060 3175
29070 3176
29080 3176
29090 3177
29100 3178
29110 3180
29120 3180
29130 3180
29140 3181
29150 3182
29160 3183
29170 3183
29180 3183
29190 3184
29200 3184
29210 3185
29220 3185
29230 3185
29240 3185
29250 3185
29260 3186
29270 3186
29280 3187
29290 3187
29300 3187
29310 3187
29320 3187
29330 3188
29340 3188
29350 3188
29360 3188
29370 3188
29380 3188
29390 3188
29400 3188
29410 3188
29420 3188
29430 3189
29440 3189
29450 3190
29460 3191
29470 3191
29480 3191
29490 3191
29500 3194
29510 3194
29520 3194
29530 3196
29540 3196
29550 3196
29560 3196
29570 3196
29580 3196
29590 3196
29600 3196
29610 3196
29620 3196
29630 3196
29640 3196
29650 3196
29660 3196
29670 3196
29680 3197
29690 3198
29700 3198
29710 3198
29720 3199
29730 3200
29740 3200
29750 3200
29760 3203
29770 3204
29780 3205
29790 3206
29800 3206
29810 3207
29820 3207
29830 3207
29840 3207
29850 3208
29860 3209
29870 3209
29880 3210
29890 3211
29900 3212
29910 3214
29920 3215
29930 3217
29940 3217
29950 3217
29960 3217
29970 3218
29980 3218
29990 3219
30000 3219
30010 3220
30020 3220
30030 3221
30040 3221
30050 3221
30060 3222
30070 3222
30080 3223
30090 3223
30100 3224
30110 3225
30120 3225
30130 3226
30140 3226
30150 3226
30160 3227
30170 3229
30180 3230
30190 3230
30200 3230
30210 3231
30220 3232
30230 3232
30240 3234
30250 3234
30260 3235
30270 3235
30280 3235
30290 3235
30300 3237
30310 3238
30320 3238
30330 3238
30340 3238
30350 3238
30360 3238
30370 3238
30380 3238
30390 3239
30400 3239
30410 3239
30420 3239
30430 3240
30440 3241
30450 3241
30460 3241
30470 3242
30480 3242
30490 3242
30500 3242
30510 3244
30520 3244
30530 3245
30540 3245
30550 3247
30560 3247
30570 3247
30580 3247
30590 3247
30600 3247
30610 3247
30620 3247
30630 3248
30640 3249
30650 3249
30660 3249
30670 3249
30680 3250
30690 3251
30700 3253
30710 3253
30720 3253
30730 3253
30740 3255
30750 3255
30760 3256
30770 3257
30780 3258
30790 3259
30800 3259
30810 3260
30820 3261
30830 3262
30840 3263
30850 3264
30860 3264
30870 3264
30880 3266
30890 3267
30900 3267
30910 3267
30920 3267
30930 3267
30940 3267
30950 3268
30960 3269
30970 3269
30980 3271
30990 3271
31000 3271
31010 3271
31020 3274
31030 3275
31040 3277
31050 3277
31060 3277
31070 3277
31080 3278
31090 3278
31100 3278
31110 3278
31120 3279
31130 3279
31140 3279
31150 3279
31160 3280
31170 3282
31180 3282
31190 3282
31200 3282
31210 3282
31220 3283
31230 3283
31240 3283
31250 3283
31260 3285
31270 3287
31280 3287
31290 3287
31300 3289
31310 3290
31320 3291
31330 3292
31340 3294
31350 3294
31360 3295
31370 3295
31380 3295
31390 3296
31400 3296
31410 3296
31420 3297
31430 3297
31440 3297
31450 3297
31460 3297
31470 3297
31480 3297
31490 3297
31500 3297
31510 3298
31520 3298
31530 3298
31540 3298
31550 3298
31560 3298
31570 3298
31580 3298
31590 3299
31600 3299
31610 3299
31620 3299
31630 3299
31640 3299
31650 3299
31660 3301
31670 3301
31680 3301
31690 3301
31700 3301
31710 3301
31720 3301
31730 3302
31740 3304
31750 3304
31760 3304
31770 3304
31780 3304
31790 3304
31800 3304
31810 3304
31820 3305
31830 3305
31840 3305
31850 3307
31860 3307
31870 3308
31880 3308
31890 3308
31900 3309
31910 3310
31920 3310
31930 3311
31940 3312
31950 3312
31960 3313
31970 3314
31980 3314
31990 3314
32000 3315
32010 3315
32020 3315
32030 3315
32040 3315
32050 3317
32060 3317
32070 3317
32080 3317
32090 3318
32100 3320
32110 3320
32120 3323
32130 3323
32140 3323
32150 3323
32160 3323
32170 3323
32180 3323
32190 3323
32200 3323
32210 3324
32220 3324
32230 3324
32240 3324
32250 3324
32260 3324
32270 3324
32280 3324
32290 3324
32300 3325
32310 3327
32320 3327
32330 3327
32340 3328
32350 3328
32360 3328
32370 3329
32380 3329
32390 3329
32400 3329
32410 3329
32420 3329
32430 3330
32440 3330
32450 3330
32460 3332
32470 3333
32480 3334
32490 3334
32500 3334
32510 3335
32520 3336
32530 3336
32540 3337
32550 3338
32560 3338
32570 3338
32580 3338
32590 3339
32600 3339
32610 3340
32620 3340
32630 3340
32640 3340
32650 3341
32660 3342
32670 3342
32680 3342
32690 3342
32700 3342
32710 3343
32720 3344
32730 3345
32740 3345
32750 3346
32760 3346
32770 3346
32780 3347
32790 3347
32800 3347
32810 3347
32820 3347
32830 3349
32840 3349
32850 3350
32860 3351
32870 3351
32880 3351
32890 3352
32900 3353
32910 3354
32920 3354
32930 3354
32940 3355
32950 3355
32960 3356
32970 3356
32980 3356
32990 3357
33000 3358
33010 3359
33020 3359
33030 3360
33040 3360
33050 3360
33060 3360
33070 3360
33080 3360
33090 3360
33100 3360
33110 3360
33120 3360
33130 3360
33140 3360
33150 3360
33160 3360
33170 3360
33180 3360
33190 3361
33200 3361
33210 3361
33220 3361
33230 3361
33240 3362
33250 3362
33260 3362
33270 3362
33280 3363
33290 3363
33300 3363
33310 3363
33320 3363
33330 3363
33340 3363
33350 3363
33360 3363
33370 3363
33380 3364
33390 3364
33400 3364
33410 3364
33420 3365
33430 3365
33440 3365
33450 3365
33460 3365
33470 3366
33480 3366
33490 3366
33500 3366
33510 3366
33520 3366
33530 3367
33540 3368
33550 3368
33560 3368
33570 3369
33580 3369
33590 3369
33600 3369
33610 3369
33620 3369
33630 3370
33640 3370
33650 3370
33660 3370
33670 3371
33680 3373
33690 3373
33700 3373
33710 3374
33720 3374
33730 3374
33740 3374
33750 3374
33760 3375
33770 3375
33780 3375
33790 3375
33800 3376
33810 3377
33820 3377
33830 3377
33840 3378
33850 3378
33860 3380
33870 3382
33880 3383
33890 3383
33900 3384
33910 3385
33920 3385
33930 3385
33940 3385
33950 3386
33960 3386
33970 3387
33980 3387
33990 3387
34000 3387
34010 3387
34020 3387
34030 3387
34040 3387
34050 3387
34060 3388
34070 3389
34080 3389
34090 3389
34100 3389
34110 3389
34120 3390
34130 3390
34140 3391
34150 3392
34160 3392
34170 3393
34180 3394
34190 3396
34200 3396
34210 3397
34220 3397
34230 3398
34240 3398
34250 3398
34260 3399
34270 3399
34280 3399
34290 3399
34300 3399
34310 3399
34320 3401
34330 3403
34340 3403
34350 3403
34360 3403
34370 3403
34380 3403
34390 3403
34400 3404
34410 3404
34420 3405
34430 3405
34440 3405
34450 3405
34460 3405
34470 3407
34480 3408
34490 3408
34500 3410
34510 3410
34520 3410
34530 3410
34540 3411
34550 3411
34560 3413
34570 3419
34580 3420
34590 3421
34600 3422
34610 3422
34620 3423
34630 3423
34640 3423
34650 3423
34660 3423
34670 3423
34680 3423
34690 3423
34700 3424
34710 3424
34720 3424
34730 3424
34740 3425
34750 3426
34760 3427
34770 3429
34780 3429
34790 3430
34800 3430
34810 3430
34820 3431
34830 3431
34840 3431
34850 3432
34860 3432
34870 3432
34880 3433
34890 3433
34900 3433
34910 3434
34920 3434
34930 3434
34940 3434
34950 3434
34960 3434
34970 3434
34980 3435
34990 3435
35000 3435
35010 3435
35020 3436
35030 3436
35040 3436
35050 3436
35060 3436
35070 3436
35080 3436
35090 3436
35100 3436
35110 3436
35120 3436
35130 3436
35140 3436
35150 3436
35160 3438
35170 3438
35180 3438
35190 3438
35200 3438
35210 3438
35220 3438
35230 3438
35240 3439
35250 3440
35260 3441
35270 3441
35280 3441
35290 3441
35300 3441
35310 3441
35320 3441
35330 3441
35340 3442
35350 3442
35360 3442
35370 3442
35380 3442
35390 3442
35400 3442
35410 3442
35420 3442
35430 3442
35440 3443
35450 3443
35460 3444
35470 3444
35480 3444
35490 3444
35500 3444
35510 3444
35520 3444
35530 3444
35540 3444
35550 3444
35560 3444
35570 3444
35580 3444
35590 3444
35600 3445
35610 3445
35620 3445
35630 3445
35640 3445
35650 3445
35660 3445
35670 3445
35680 3445
35690 3445
35700 3446
35710 3446
35720 3446
35730 3446
35740 3446
35750 3446
35760 3448
35770 3448
35780 3449
35790 3450
35800 3450
35810 3450
35820 3452
35830 3453
35840 3453
35850 3453
35860 3453
35870 3453
35880 3453
35890 3453
35900 3454
35910 3455
35920 3456
35930 3456
35940 3457
35950 3457
35960 3457
35970 3457
35980 3458
35990 3458
36000 3458
36010 3458
36020 3458
36030 3459
36040 3459
36050 3460
36060 3460
36070 3460
36080 3460
36090 3460
36100 3460
36110 3460
36120 3460
36130 3460
36140 3460
36150 3460
36160 3460
36170 3462
36180 3463
36190 3465
36200 3465
36210 3465
36220 3465
36230 3466
36240 3466
36250 3467
36260 3469
36270 3469
36280 3469
36290 3469
36300 3469
36310 3469
36320 3470
36330 3470
36340 3471
36350 3471
36360 3472
36370 3473
36380 3473
36390 3473
36400 3473
36410 3474
36420 3474
36430 3474
36440 3474
36450 3475
36460 3475
36470 3476
36480 3476
36490 3477
36500 3478
36510 3479
36520 3479
36530 3479
36540 3479
36550 3480
36560 3480
36570 3480
36580 3482
36590 3482
36600 3482
36610 3482
36620 3483
36630 3483
36640 3484
36650 3484
36660 3484
36670 3484
36680 3484
36690 3484
36700 3484
36710 3484
36720 3484
36730 3484
36740 3484
36750 3484
36760 3484
36770 3484
36780 3484
36790 3485
36800 3486
36810 3486
36820 3486
36830 3487
36840 3487
36850 3487
36860 3488
36870 3488
36880 3488
36890 3489
36900 3489
36910 3491
36920 3492
36930 3492
36940 3494
36950 3496
36960 3496
36970 3496
36980 3497
36990 3497
37000 3497
37010 3497
37020 3497
37030 3498
37040 3498
37050 3498
37060 3498
37070 3498
37080 3498
37090 3498
37100 3498
37110 3498
37120 3498
37130 3498
37140 3498
37150 3498
37160 3498
37170 3498
37180 3499
37190 3499
37200 3500
37210 3500
37220 3500
37230 3500
37240 3500
37250 3500
37260 3501
37270 3501
37280 3502
37290 3502
37300 3503
37310 3504
37320 3504
37330 3504
37340 3504
37350 3505
37360 3505
37370 3506
37380 3507
37390 3507
37400 3507
37410 3507
37420 3507
37430 3507
37440 3507
37450 3507
37460 3507
37470 3507
37480 3507
37490 3507
37500 3507
37510 3507
37520 3507
37530 3507
37540 3507
37550 3507
37560 3507
37570 3507
37580 3507
37590 3507
37600 3507
37610 3507
37620 3507
37630 3507
37640 3507
37650 3507
37660 3508
37670 3508
37680 3509
37690 3509
37700 3509
37710 3509
37720 3509
37730 3509
37740 3509
37750 3510
37760 3510
37770 3510
37780 3510
37790 3511
37800 3511
37810 3511
37820 3511
37830 3511
37840 3512
37850 3512
37860 3512
37870 3512
37880 3513
37890 3513
37900 3513
37910 3513
37920 3516
37930 3518
37940 3520
37950 3523
37960 3526
37970 3527
37980 3527
37990 3528
38000 3528
38010 3528
38020 3528
38030 3528
38040 3528
38050 3528
38060 3529
38070 3529
38080 3529
38090 3529
38100 3529
38110 3529
38120 3529
38130 3529
38140 3529
38150 3529
38160 3529
38170 3529
38180 3529
38190 3529
38200 3529
38210 3529
38220 3529
38230 3529
38240 3530
38250 3530
38260 3530
38270 3530
38280 3530
38290 3531
38300 3531
38310 3531
38320 3532
38330 3532
38340 3532
38350 3532
38360 3532
38370 3532
38380 3532
38390 3532
38400 3533
38410 3533
38420 3533
38430 3533
38440 3533
38450 3533
38460 3534
38470 3534
38480 3534
38490 3534
38500 3534
38510 3534
38520 3535
38530 3535
38540 3535
38550 3535
38560 3536
38570 3536
38580 3536
38590 3536
38600 3536
38610 3537
38620 3537
38630 3538
38640 3539
38650 3539
38660 3539
38670 3539
38680 3539
38690 3539
38700 3539
38710 3539
38720 3541
38730 3542
38740 3543
38750 3543
38760 3543
38770 3544
38780 3545
38790 3546
38800 3546
38810 3546
38820 3547
38830 3550
38840 3551
38850 3552
38860 3553
38870 3554
38880 3554
38890 3554
38900 3555
38910 3555
38920 3556
38930 3556
38940 3556
38950 3556
38960 3557
38970 3557
38980 3557
38990 3558
39000 3560
39010 3560
39020 3560
39030 3560
39040 3560
39050 3560
39060 3560
39070 3560
39080 3561
39090 3561
39100 3561
39110 3563
39120 3563
39130 3564
39140 3565
39150 3565
39160 3565
39170 3565
39180 3566
39190 3567
39200 3568
39210 3569
39220 3570
39230 3570
39240 3571
39250 3571
39260 3571
39270 3571
39280 3571
39290 3571
39300 3571
39310 3571
39320 3571
39330 3571
39340 3571
39350 3571
39360 3571
39370 3571
39380 3571
39390 3571
39400 3571
39410 3571
39420 3571
39430 3573
39440 3573
39450 3573
39460 3573
39470 3573
39480 3574
39490 3574
39500 3574
39510 3574
39520 3574
39530 3575
39540 3575
39550 3575
39560 3575
39570 3575
39580 3575
39590 3575
39600 3575
39610 3575
39620 3575
39630 3575
39640 3576
39650 3576
39660 3576
39670 3576
39680 3576
39690 3576
39700 3576
39710 3576
39720 3576
39730 3576
39740 3577
39750 3577
39760 3579
39770 3579
39780 3579
39790 3579
39800 3579
39810 3579
39820 3581
39830 3582
39840 3583
39850 3586
39860 3587
39870 3589
39880 3590
39890 3591
39900 3592
39910 3593
39920 3594
39930 3596
39940 3596
39950 3596
39960 3596
39970 3597
39980 3597
39990 3598
40000 3599
40010 3599
40020 3600
40030 3600
40040 3600
40050 3600
40060 3600
40070 3603
40080 3603
40090 3604
40100 3605
40110 3609
40120 3609
40130 3609
40140 3609
40150 3609
40160 3609
40170 3610
40180 3610
40190 3612
40200 3613
40210 3613
40220 3613
40230 3613
40240 3613
40250 3614
40260 3614
40270 3614
40280 3614
40290 3614
40300 3614
40310 3614
40320 3614
40330 3614
40340 3616
40350 3616
40360 3616
40370 3616
40380 3616
40390 3616
40400 3616
40410 3616
40420 3616
40430 3616
40440 3616
40450 3616
40460 3616
40470 3616
40480 3616
40490 3616
40500 3616
40510 3616
40520 3616
40530 3616
40540 3616
40550 3616
40560 3616
40570 3617
40580 3617
40590 3617
40600 3619
40610 3619
40620 3619
40630 3619
40640 3619
40650 3619
40660 3619
40670 3620
40680 3620
40690 3620
40700 3620
40710 3620
40720 3620
40730 3620
40740 3620
40750 3620
40760 3620
40770 3621
40780 3621
40790 3621
40800 3621
40810 3623
40820 3623
40830 3623
40840 3624
40850 3624
40860 3624
40870 3625
40880 3625
40890 3625
40900 3625
40910 3625
40920 3625
40930 3625
40940 3625
40950 3625
40960 3627
40970 3627
40980 3627
40990 3627
41000 3628
41010 3629
41020 3629
41030 3629
41040 3631
41050 3631
41060 3631
41070 3632
41080 3632
41090 3632
41100 3632
41110 3632
41120 3632
41130 3632
41140 3634
41150 3634
41160 3635
41170 3636
41180 3637
41190 3638
41200 3638
41210 3640
41220 3640
41230 3640
41240 3642
41250 3645
41260 3647
41270 3650
41280 3650
41290 3650
41300 3650
41310 3650
41320 3650
41330 3650
41340 3650
41350 3650
41360 3650
41370 3650
41380 3651
41390 3651
41400 3652
41410 3652
41420 3652
41430 3652
41440 3652
41450 3652
41460 3652
41470 3654
41480 3654
41490 3654
41500 3655
41510 3655
41520 3655
41530 3655
41540 3656
41550 3656
41560 3656
41570 3656
41580 3656
41590 3656
41600 3656
41610 3656
41620 3656
41630 3656
41640 3656
41650 3656
41660 3656
41670 3657
41680 3657
41690 3658
41700 3658
41710 3658
41720 3658
41730 3658
41740 3658
41750 3658
41760 3658
41770 3659
41780 3660
41790 3660
41800 3660
41810 3660
41820 3661
41830 3662
41840 3662
41850 3662
41860 3662
41870 3662
41880 3662
41890 3663
41900 3663
41910 3664
41920 3665
41930 3666
41940 3666
41950 3666
41960 3666
41970 3667
41980 3667
41990 3668
42000 3668
42010 3669
42020 3669
42030 3669
42040 3670
42050 3670
42060 3671
42070 3671
42080 3671
42090 3671
42100 3671
42110 3671
42120 3671
42130 3673
42140 3673
42150 3673
42160 3673
42170 3676
42180 3676
42190 3677
42200 3677
42210 3677
42220 3677
42230 3678
42240 3678
42250 3678
42260 3679
42270 3679
42280 3679
42290 3679
42300 3679
42310 3680
42320 3681
42330 3684
42340 3684
42350 3684
42360 3685
42370 3685
42380 3686
42390 3686
42400 3686
42410 3686
42420 3686
42430 3687
42440 3687
42450 3687
42460 3687
42470 3688
42480 3689
42490 3689
42500 3690
42510 3690
42520 3690
42530 3691
42540 3691
42550 3692
42560 3692
42570 3692
42580 3692
42590 3692
42600 3692
42610 3692
42620 3692
42630 3692
42640 3692
42650 3692
42660 3692
42670 3692
42680 3692
42690 3692
42700 3692
42710 3692
42720 3692
42730 3692
42740 3692
42750 3693
42760 3694
42770 3694
42780 3694
42790 3694
42800 3694
42810 3694
42820 3694
42830 3694
42840 3694
42850 3694
42860 3695
42870 3695
42880 3695
42890 3695
42900 3695
42910 3695
42920 3695
42930 3695
42940 3695
42950 3695
42960 3696
42970 3696
42980 3697
42990 3698
43000 3698
43010 3702
43020 3702
43030 3703
43040 3705
43050 3707
43060 3707
43070 3707
43080 3707
43090 3709
43100 3709
43110 3715
43120 3716
43130 3719
43140 3721
43150 3721
43160 3724
43170 3725
43180 3726
43190 3726
43200 3727
43210 3727
43220 3727
43230 3727
43240 3727
43250 3727
43260 3727
43270 3727
43280 3727
43290 3727
43300 3727
43310 3729
43320 3729
43330 3729
43340 3730
43350 3730
43360 3732
43370 3732
43380 3734
43390 3734
43400 3734
43410 3734
43420 3734
43430 3734
43440 3734
43450 3735
43460 3735
43470 3736
43480 3736
43490 3736
43500 3736
43510 3736
43520 3738
43530 3738
43540 3738
43550 3738
43560 3738
43570 3738
43580 3738
43590 3738
43600 3738
43610 3738
43620 3738
43630 3738
43640 3738
43650 3740
43660 3742
43670 3744
43680 3744
43690 3744
43700 3744
43710 3744
43720 3744
43730 3744
43740 3745
43750 3745
43760 3745
43770 3745
43780 3745
43790 3745
43800 3745
43810 3745
43820 3745
43830 3745
43840 3746
43850 3746
43860 3746
43870 3746
43880 3747
43890 3747
43900 3747
43910 3747
43920 3747
43930 3747
43940 3747
43950 3747
43960 3748
43970 3749
43980 3749
43990 3750
44000 3750
44010 3750
44020 3750
44030 3751
44040 3752
44050 3752
44060 3752
44070 3753
44080 3753
44090 3753
44100 3753
44110 3754
44120 3755
44130 3755
44140 3755
44150 3755
44160 3756
44170 3756
44180 3756
44190 3756
44200 3756
44210 3756
44220 3757
44230 3758
44240 3761
44250 3761
44260 3761
44270 3761
44280 3763
44290 3764
44300 3765
44310 3765
44320 3766
44330 3766
44340 3766
44350 3767
44360 3769
44370 3769
44380 3770
44390 3770
44400 3772
44410 3772
44420 3773
44430 3773
44440 3773
44450 3774
44460 3774
44470 3774
44480 3774
44490 3774
44500 3774
44510 3774
44520 3775
44530 3775
44540 3775
44550 3775
44560 3775
44570 3775
44580 3775
44590 3775
44600 3775
44610 3776
44620 3776
44630 3776
44640 3776
44650 3777
44660 3777
44670 3778
44680 3779
44690 3779
44700 3779
44710 3780
44720 3781
44730 3781
44740 3781
44750 3781
44760 3781
44770 3781
44780 3781
44790 3781
44800 3781
44810 3782
44820 3782
44830 3782
44840 3782
44850 3782
44860 3782
44870 3782
44880 3782
44890 3782
44900 3782
44910 3784
44920 3784
44930 3784
44940 3786
44950 3786
44960 3786
44970 3786
44980 3786
44990 3786
45000 3786
45010 3786
45020 3786
45030 3788
45040 3789
45050 3790
45060 3791
45070 3791
45080 3791
45090 3792
45100 3792
45110 3792
45120 3793
45130 3793
45140 3793
45150 3793
45160 3793
45170 3793
45180 3794
45190 3794
45200 3797
45210 3797
45220 3797
45230 3797
45240 3797
45250 3797
45260 3798
45270 3798
45280 3798
45290 3799
45300 3799
45310 3799
45320 3799
45330 3799
45340 3799
45350 3800
45360 3800
45370 3800
45380 3800
45390 3800
45400 3803
45410 3803
45420 3803
45430 3803
45440 3803
45450 3803
45460 3803
45470 3803
45480 3805
45490 3806
45500 3808
45510 3808
45520 3808
45530 3809
45540 3809
45550 3809
45560 3810
45570 3812
45580 3812
45590 3814
45600 3814
45610 3815
45620 3818
45630 3818
45640 3818
45650 3820
45660 3820
45670 3821
45680 3821
45690 3821
45700 3822
45710 3822
45720 3823
45730 3823
45740 3823
45750 3823
45760 3823
45770 3825
45780 3827
45790 3827
45800 3827
45810 3827
45820 3827
45830 3827
45840 3827
45850 3827
45860 3827
45870 3827
45880 3827
45890 3827
45900 3828
45910 3828
45920 3829
45930 3829
45940 3829
45950 3830
45960 3830
45970 3830
45980 3830
45990 3832
46000 3833
46010 3834
46020 3834
46030 3835
46040 3835
46050 3835
46060 3835
46070 3835
46080 3835
46090 3835
46100 3835
46110 3835
46120 3835
46130 3835
46140 3835
46150 3836
46160 3836
46170 3837
46180 3837
46190 3837
46200 3839
46210 3839
46220 3840
46230 3840
46240 3841
46250 3841
46260 3841
46270 3841
46280 3841
46290 3842
46300 3842
46310 3842
46320 3842
46330 3843
46340 3846
46350 3846
46360 3847
46370 3848
46380 3848
46390 3848
46400 3849
46410 3849
46420 3849
46430 3849
46440 3849
46450 3849
46460 3849
46470 3849
46480 3849
46490 3850
46500 3850
46510 3850
46520 3850
46530 3850
46540 3851
46550 3852
46560 3853
46570 3853
46580 3853
46590 3853
46600 3853
46610 3853
46620 3854
46630 3855
46640 3855
46650 3856
46660 3857
46670 3857
46680 3857
46690 3859
46700 3859
46710 3859
46720 3859
46730 3859
46740 3859
46750 3859
46760 3860
46770 3861
46780 3861
46790 3861
46800 3861
46810 3861
46820 3861
46830 3861
46840 3861
46850 3861
46860 3863
46870 3864
46880 3864
46890 3865
46900 3865
46910 3865
46920 3865
46930 3865
46940 3865
46950 3865
46960 3865
46970 3865
46980 3866
46990 3867
47000 3868
47010 3868
47020 3868
47030 3868
47040 3868
47050 3869
47060 3870
47070 3870
47080 3870
47090 3871
47100 3872
47110 3872
47120 3872
47130 3872
47140 3873
47150 3874
47160 3874
47170 3874
47180 3874
47190 3874
47200 3874
47210 3874
47220 3874
47230 3874
47240 3874
47250 3875
47260 3875
47270 3875
47280 3875
47290 3875
47300 3875
47310 3875
47320 3876
47330 3876
47340 3877
47350 3877
47360 3877
47370 3877
47380 3877
47390 3877
47400 3877
47410 3877
47420 3877
47430 3877
47440 3879
47450 3880
47460 3880
47470 3881
47480 3881
47490 3881
47500 3881
47510 3882
47520 3882
47530 3882
47540 3884
47550 3886
47560 3886
47570 3887
47580 3887
47590 3887
47600 3887
47610 3887
47620 3890
47630 3890
47640 3890
47650 3890
47660 3891
47670 3891
47680 3892
47690 3892
47700 3893
47710 3893
47720 3893
47730 3893
47740 3895
47750 3895
47760 3896
47770 3896
47780 3897
47790 3897
47800 3897
47810 3897
47820 3897
47830 3897
47840 3897
47850 3898
47860 3898
47870 3899
47880 3899
47890 3900
47900 3900
47910 3900
47920 3900
47930 3900
47940 3900
47950 3900
47960 3900
47970 3900
47980 3900
47990 3900
48000 3900
48010 3900
48020 3903
48030 3903
48040 3903
48050 3904
48060 3904
48070 3904
48080 3905
48090 3905
48100 3906
48110 3906
48120 3906
48130 3906
48140 3906
48150 3906
48160 3906
48170 3906
48180 3906
48190 3907
48200 3909
48210 3910
48220 3912
48230 3913
48240 3913
48250 3914
48260 3914
48270 3914
48280 3914
48290 3915
48300 3915
48310 3915
48320 3915
48330 3915
48340 3915
48350 3915
48360 3915
48370 3915
48380 3917
48390 3917
48400 3917
48410 3917
48420 3918
48430 3919
48440 3919
48450 3919
48460 3919
48470 3919
48480 3920
48490 3920
48500 3920
48510 3920
48520 3920
48530 3921
48540 3922
48550 3922
48560 3922
48570 3922
48580 3922
48590 3922
48600 3923
48610 3923
48620 3926
48630 3928
48640 3928
48650 3928
48660 3928
48670 3928
48680 3928
48690 3929
48700 3930
48710 3931
48720 3932
48730 3935
48740 3935
48750 3936
48760 3936
48770 3938
48780 3940
48790 3941
48800 3942
48810 3943
48820 3944
48830 3944
48840 3946
48850 3946
48860 3946
48870 3948
48880 3948
48890 3949
48900 3949
48910 3949
48920 3949
48930 3949
48940 3949
48950 3950
48960 3950
48970 3950
48980 3951
48990 3951
49000 3951
49010 3951
49020 3952
49030 3952
49040 3952
49050 3952
49060 3952
49070 3952
49080 3952
49090 3952
49100 3952
49110 3953
49120 3953
49130 3953
49140 3953
49150 3953
49160 3953
49170 3953
49180 3953
49190 3953
49200 3953
49210 3955
49220 3955
49230 3955
49240 3955
49250 3955
49260 3955
49270 3955
49280 3955
49290 3956
49300 3956
49310 3956
49320 3956
49330 3956
49340 3956
49350 3956
49360 3956
49370 3957
49380 3957
49390 3957
49400 3957
49410 3957
49420 3957
49430 3957
49440 3958
49450 3958
49460 3958
49470 3958
49480 3958
49490 3959
49500 3960
49510 3960
49520 3960
49530 3961
49540 3961
49550 3961
49560 3962
49570 3962
49580 3962
49590 3962
49600 3963
49610 3964
49620 3964
49630 3964
49640 3964
49650 3964
49660 3966
49670 3966
49680 3966
49690 3966
49700 3966
49710 3966
49720 3968
49730 3968
49740 3968
49750 3968
49760 3968
49770 3968
49780 3968
49790 3969
49800 3969
49810 3971
49820 3971
49830 3972
49840 3972
49850 3972
49860 3973
49870 3973
49880 3974
49890 3974
49900 3975
49910 3975
49920 3975
49930 3975
49940 3975
49950 3976
49960 3976
49970 3976
49980 3976
49990 3976
50000 3976
50010 3976
50020 3976
50030 3977
50040 3979
50050 3981
50060 3981
50070 3982
50080 3984
50090 3985
50100 3986
50110 3987
50120 3987
50130 3988
50140 3988
50150 3988
50160 3988
50170 3988
50180 3988
50190 3988
50200 3988
50210 3989
50220 3989
50230 3989
50240 3989
50250 3989
50260 3990
50270 3990
50280 3990
50290 3992
50300 3992
50310 3992
50320 3993
50330 3993
50340 3993
50350 3993
50360 3994
50370 3994
50380 3994
50390 3994
50400 3994
50410 3994
50420 3994
50430 3994
50440 3994
50450 3994
50460 3994
50470 3994
50480 3994
50490 3994
50500 3995
50510 3996
50520 3996
50530 3997
50540 3997
50550 3999
50560 3999
50570 3999
50580 3999
50590 3999
50600 3999
50610 3999
50620 3999
50630 3999
50640 3999
50650 4000
50660 4000
50670 4000
50680 4000
50690 4000
50700 4000
50710 4001
50720 4001
50730 4001
50740 4001
50750 4001
50760 4001
50770 4001
50780 4003
50790 4005
50800 4005
50810 4005
50820 4007
50830 4007
50840 4007
50850 4007
50860 4007
50870 4007
50880 4007
50890 4007
50900 4007
50910 4009
50920 4009
50930 4009
50940 4009
50950 4010
50960 4010
50970 4010
50980 4010
50990 4010
51000 4010
51010 4011
51020 4011
51030 4012
51040 4012
51050 4012
51060 4012
51070 4012
51080 4012
51090 4012
51100 4012
51110 4012
51120 4012
51130 4012
51140 4014
51150 4014
51160 4014
51170 4014
51180 4014
51190 4014
51200 4014
51210 4014
51220 4014
51230 4014
51240 4014
51250 4014
51260 4014
51270 4014
51280 4014
51290 4014
51300 4014
51310 4014
51320 4015
51330 4015
51340 4015
51350 4015
51360 4015
51370 4015
51380 4015
51390 4015
51400 4015
51410 4015
51420 4015
51430 4015
51440 4015
51450 4015
51460 4015
51470 4015
51480 4016
51490 4019
51500 4021
51510 4022
51520 4024
51530 4024
51540 4024
51550 4024
51560 4024
51570 4024
51580 4024
51590 4024
51600 4024
51610 4025
51620 4025
51630 4025
51640 4025
51650 4025
51660 4026
51670 4027
51680 4027
51690 4028
51700 4029
51710 4031
51720 4031
51730 4031
51740 4032
51750 4032
51760 4032
51770 4032
51780 4032
51790 4033
51800 4033
51810 4033
51820 4033
51830 4035
51840 4036
51850 4038
51860 4038
51870 4038
51880 4038
51890 4038
51900 4038
51910 4038
51920 4041
51930 4041
51940 4042
51950 4042
51960 4042
51970 4042
51980 4042
51990 4042
52000 4042
52010 4042
52020 4042
52030 4042
52040 4043
52050 4043
52060 4044
52070 4044
52080 4044
52090 4044
52100 4046
52110 4046
52120 4046
52130 4046
52140 4047
52150 4048
52160 4049
52170 4049
52180 4049
52190 4049
52200 4049
52210 4049
52220 4049
52230 4049
52240 4051
52250 4051
52260 4051
52270 4051
52280 4051
52290 4051
52300 4051
52310 4051
52320 4051
52330 4052
52340 4054
52350 4054
52360 4055
52370 4055
52380 4055
52390 4055
52400 4055
52410 4056
52420 4056
52430 4056
52440 4056
52450 4056
52460 4056
52470 4057
52480 4057
52490 4057
52500 4058
52510 4059
52520 4060
52530 4060
52540 4060
52550 4060
52560 4061
52570 4061
52580 4061
52590 4062
52600 4062
52610 4062
52620 4062
52630 4062
52640 4062
52650 4063
52660 4064
52670 4066
52680 4066
52690 4066
52700 4067
52710 4068
52720 4069
52730 4069
52740 4069
52750 4069
52760 4069
52770 4069
52780 4070
52790 4070
52800 4070
52810 4070
52820 4070
52830 4070
52840 4070
52850 4070
52860 4070
52870 4071
52880 4071
52890 4072
52900 4072
52910 4072
52920 4072
52930 4072
52940 4073
52950 4073
52960 4073
52970 4073
52980 4073
52990 4073
53000 4073
53010 4073
53020 4073
53030 4073
53040 4073
53050 4073
53060 4073
53070 4073
53080 4073
53090 4073
53100 4073
53110 4073
53120 4073
53130 4073
53140 4073
53150 4073
53160 4073
53170 4073
53180 4073
53190 4073
53200 4073
53210 4073
53220 4073
53230 4073
53240 4073
53250 4073
53260 4073
53270 4073
53280 4073
53290 4074
53300 4074
53310 4074
53320 4074
53330 4074
53340 4074
53350 4074
53360 4074
53370 4074
53380 4074
53390 4075
53400 4075
53410 4075
53420 4075
53430 4075
53440 4075
53450 4075
53460 4075
53470 4075
53480 4075
53490 4075
53500 4076
53510 4076
53520 4076
53530 4076
53540 4077
53550 4079
53560 4079
53570 4080
53580 4081
53590 4082
53600 4082
53610 4083
53620 4083
53630 4083
53640 4085
53650 4086
53660 4087
53670 4087
53680 4087
53690 4087
53700 4087
53710 4087
53720 4087
53730 4087
53740 4087
53750 4087
53760 4087
53770 4087
53780 4087
53790 4087
53800 4087
53810 4087
53820 4087
53830 4088
53840 4089
53850 4089
53860 4089
53870 4089
53880 4089
53890 4089
53900 4089
53910 4089
53920 4090
53930 4090
53940 4090
53950 4090
53960 4090
53970 4091
53980 4091
53990 4091
54000 4091
54010 4091
54020 4091
54030 4092
54040 4092
54050 4092
54060 4093
54070 4093
54080 4094
54090 4094
54100 4094
54110 4094
54120 4094
54130 4094
54140 4094
54150 4095
54160 4097
54170 4097
54180 4097
54190 4097
54200 4097
54210 4098
54220 4098
54230 4098
54240 4098
54250 4099
54260 4099
54270 4100
54280 4100
54290 4100
54300 4100
54310 4100
54320 4100
54330 4100
54340 4100
54350 4101
54360 4101
54370 4101
54380 4101
54390 4103
54400 4104
54410 4104
54420 4106
54430 4106
54440 4106
54450 4106
54460 4106
54470 4106
54480 4106
54490 4106
54500 4106
54510 4107
54520 4108
54530 4108
54540 4108
54550 4108
54560 4109
54570 4109
54580 4109
54590 4109
54600 4110
54610 4111
54620 4112
54630 4112
54640 4112
54650 4112
54660 4113
54670 4113
54680 4113
54690 4114
54700 4114
54710 4114
54720 4114
54730 4114
54740 4115
54750 4116
54760 4116
54770 4116
54780 4116
54790 4116
54800 4116
54810 4117
54820 4117
54830 4118
54840 4119
54850 4120
54860 4120
54870 4120
54880 4121
54890 4121
54900 4122
54910 4122
54920 4122
54930 4122
54940 4122
54950 4122
54960 4124
54970 4124
54980 4125
54990 4125
55000 4125
55010 4125
55020 4125
55030 4125
55040 4125
55050 4125
55060 4126
55070 4126
55080 4126
55090 4126
55100 4127
55110 4127
55120 4127
55130 4128
55140 4128
55150 4128
55160 4129
55170 4129
55180 4129
55190 4131
55200 4131
55210 4132
55220 4134
55230 4135
55240 4135
55250 4135
55260 4135
55270 4135
55280 4136
55290 4136
55300 4137
55310 4137
55320 4137
55330 4138
55340 4138
55350 4138
55360 4139
55370 4141
55380 4143
55390 4144
55400 4145
55410 4145
55420 4145
55430 4145
55440 4145
55450 4145
55460 4145
55470 4145
55480 4147
55490 4147
55500 4148
55510 4148
55520 4148
55530 4149
55540 4151
55550 4151
55560 4151
55570 4151
55580 4151
55590 4151
55600 4151
55610 4151
55620 4151
55630 4152
55640 4153
55650 4153
55660 4153
55670 4153
55680 4153
55690 4154
55700 4155
55710 4155
55720 4156
55730 4156
55740 4156
55750 4157
55760 4157
55770 4157
55780 4157
55790 4158
55800 4158
55810 4159
55820 4159
55830 4159
55840 4159
55850 4159
55860 4161
55870 4161
55880 4162
55890 4162
55900 4162
55910 4162
55920 4163
55930 4165
55940 4165
55950 4166
55960 4166
55970 4166
55980 4167
55990 4168
56000 4168
56010 4168
56020 4169
56030 4169
56040 4169
56050 4169
56060 4171
56070 4171
56080 4171
56090 4171
56100 4171
56110 4171
56120 4171
56130 4172
56140 4172
56150 4172
56160 4173
56170 4173
56180 4173
56190 4173
56200 4173
56210 4173
56220 4173
56230 4173
56240 4173
56250 4173
56260 4173
56270 4174
56280 4176
56290 4176
56300 4176
56310 4176
56320 4176
56330 4176
56340 4176
56350 4176
56360 4176
56370 4177
56380 4178
56390 4178
56400 4178
56410 4180
56420 4180
56430 4181
56440 4181
56450 4182
56460 4182
56470 4182
56480 4182
56490 4182
56500 4182
56510 4182
56520 4184
56530 4184
56540 4184
56550 4184
56560 4184
56570 4184
56580 4185
56590 4187
56600 4187
56610 4187
56620 4188
56630 4188
56640 4188
56650 4188
56660 4189
56670 4191
56680 4191
56690 4192
56700 4193
56710 4193
56720 4193
56730 4193
56740 4193
56750 4193
56760 4194
56770 4194
56780 4194
56790 4194
56800 4194
56810 4194
56820 4194
56830 4194
56840 4194
56850 4194
56860 4194
56870 4194
56880 4194
56890 4194
56900 4194
56910 4194
56920 4194
56930 4194
56940 4194
56950 4194
56960 4196
56970 4196
56980 4196
56990 4198
57000 4198
57010 4198
57020 4198
57030 4198
57040 4199
57050 4200
57060 4201
57070 4201
57080 4201
57090 4202
57100 4202
57110 4203
57120 4203
57130 4203
57140 4203
57150 4204
57160 4204
57170 4205
57180 4205
57190 4205
57200 4205
57210 4205
57220 4205
57230 4206
57240 4206
57250 4206
57260 4206
57270 4206
57280 4206
57290 4206
57300 4207
57310 4207
57320 4207
57330 4207
57340 4207
57350 4207
57360 4207
57370 4207
57380 4208
57390 4208
57400 4208
57410 4208
57420 4208
57430 4208
57440 4208
57450 4208
57460 4208
57470 4209
57480 4209
57490 4209
57500 4209
57510 4209
57520 4209
57530 4209
57540 4209
57550 4209
57560 4209
57570 4210
57580 4210
57590 4210
57600 4210
57610 4210
57620 4210
57630 4210
57640 4210
57650 4210
57660 4210
57670 4211
57680 4211
57690 4213
57700 4213
57710 4215
57720 4215
57730 4215
57740 4215
57750 4215
57760 4215
57770 4215
57780 4216
57790 4216
57800 4216
57810 4216
57820 4217
57830 4217
57840 4218
57850 4219
57860 4219
57870 4219
57880 4219
57890 4220
57900 4220
57910 4220
57920 4220
57930 4220
57940 4220
57950 4220
57960 4220
57970 4220
57980 4220
57990 4220
58000 4220
58010 4221
58020 4221
58030 4221
58040 4221
58050 4221
58060 4221
58070 4221
58080 4221
58090 4221
58100 4221
58110 4221
58120 4222
58130 4223
58140 4223
58150 4223
58160 4224
58170 4224
58180 4224
58190 4224
58200 4224
58210 4224
58220 4224
58230 4224
58240 4224
58250 4224
58260 4224
58270 4224
58280 4224
58290 4224
58300 4224
58310 4224
58320 4224
58330 4224
58340 4224
58350 4224
58360 4224
58370 4224
58380 4225
58390 4225
58400 4225
58410 4225
58420 4225
58430 4225
58440 4225
58450 4225
58460 4225
58470 4225
58480 4225
58490 4225
58500 4225
58510 4225
58520 4225
58530 4225
58540 4225
58550 4225
58560 4226
58570 4226
58580 4227
58590 4227
58600 4227
58610 4227
58620 4228
58630 4229
58640 4230
58650 4230
58660 4230
58670 4232
58680 4233
58690 4233
58700 4233
58710 4233
58720 4233
58730 4233
58740 4234
58750 4235
58760 4236
58770 4236
58780 4236
58790 4237
58800 4237
58810 4237
58820 4238
58830 4238
58840 4239
58850 4239
58860 4240
58870 4240
58880 4240
58890 4240
58900 4240
58910 4240
58920 4240
58930 4240
58940 4240
58950 4240
58960 4241
58970 4241
58980 4241
58990 4241
59000 4241
59010 4241
59020 4241
59030 4241
59040 4241
59050 4243
59060 4244
59070 4244
59080 4245
59090 4245
59100 4245
59110 4245
59120 4245
59130 4246
59140 4246
59150 4247
59160 4247
59170 4248
59180 4248
59190 4248
59200 4249
59210 4250
59220 4250
59230 4251
59240 4251
59250 4251
59260 4251
59270 4251
59280 4251
59290 4252
59300 4252
59310 4252
59320 4252
59330 4252
59340 4252
59350 4252
59360 4253
59370 4254
59380 4254
59390 4255
59400 4257
59410 4257
59420 4257
59430 4257
59440 4257
59450 4257
59460 4258
59470 4259
59480 4259
59490 4259
59500 4259
59510 4259
59520 4259
59530 4259
59540 4259
59550 4259
59560 4260
59570 4260
59580 4261
59590 4261
59600 4261
59610 4261
59620 4261
59630 4261
59640 4261
59650 4262
59660 4262
59670 4262
59680 4262
59690 4263
59700 4263
59710 4263
59720 4263
59730 4263
59740 4263
59750 4263
59760 4263
59770 4264
59780 4265
59790 4265
59800 4265
59810 4266
59820 4266
59830 4268
59840 4268
59850 4268
59860 4268
59870 4268
59880 4268
59890 4268
59900 4268
59910 4268
59920 4269
59930 4269
59940 4269
59950 4270
59960 4270
59970 4270
59980 4270
59990 4270
60000 4270
60010 4270
60020 4270
60030 4270
60040 4272
60050 4273
60060 4273
60070 4273
60080 4273
60090 4273
60100 4273
60110 4273
60120 4273
60130 4274
60140 4274
60150 4274
60160 4274
60170 4274
60180 4275
60190 4275
60200 4275
60210 4275
60220 4275
60230 4275
60240 4275
60250 4275
60260 4275
60270 4276
60280 4279
60290 4279
60300 4279
60310 4281
60320 4281
60330 4283
60340 4283
60350 4283
60360 4283
60370 4283
60380 4283
60390 4283
60400 4283
60410 4284
60420 4284
60430 4284
60440 4284
60450 4284
60460 4284
60470 4284
60480 4286
60490 4286
60500 4286
60510 4286
60520 4287
60530 4287
60540 4287
60550 4287
60560 4289
60570 4290
60580 4290
60590 4290
60600 4290
60610 4290
60620 4290
60630 4290
60640 4290
60650 4290
60660 4290
60670 4290
60680 4290
60690 4290
60700 4290
60710 4291
60720 4291
60730 4291
60740 4292
60750 4292
60760 4292
60770 4293
60780 4293
60790 4293
60800 4293
60810 4294
60820 4294
60830 4294
60840 4294
60850 4294
60860 4294
60870 4294
60880 4294
60890 4296
60900 4296
60910 4296
60920 4296
60930 4296
60940 4296
60950 4296
60960 4296
60970 4296
60980 4296
60990 4296
61000 4296
61010 4296
61020 4296
61030 4296
61040 4296
61050 4296
61060 4296
61070 4296
61080 4298
61090 4302
61100 4302
61110 4302
61120 4303
61130 4303
61140 4303
61150 4303
61160 4303
61170 4303
61180 4304
61190 4304
61200 4304
61210 4304
61220 4306
61230 4308
61240 4308
61250 4308
61260 4308
61270 4308
61280 4308
61290 4308
61300 4308
61310 4308
61320 4308
61330 4308
61340 4308
61350 4308
61360 4308
61370 4308
61380 4308
61390 4308
61400 4308
61410 4308
61420 4309
61430 4310
61440 4311
61450 4313
61460 4313
61470 4313
61480 4313
61490 4313
61500 4314
61510 4314
61520 4314
61530 4315
61540 4315
61550 4315
61560 4315
61570 4315
61580 4315
61590 4315
61600 4315
61610 4315
61620 4315
61630 4315
61640 4315
61650 4316
61660 4316
61670 4316
61680 4317
61690 4317
61700 4317
61710 4317
61720 4317
61730 4317
61740 4317
61750 4317
61760 4317
61770 4317
61780 4318
61790 4318
61800 4319
61810 4319
61820 4319
61830 4319
61840 4319
61850 4319
61860 4319
61870 4319
61880 4320
61890 4320
61900 4320
61910 4320
61920 4320
61930 4320
61940 4320
61950 4320
61960 4321
61970 4321
61980 4323
61990 4323
62000 4323
62010 4323
62020 4324
62030 4325
62040 4325
62050 4325
62060 4325
62070 4326
62080 4326
62090 4326
62100 4326
62110 4326
62120 4326
62130 4326
62140 4326
62150 4326
62160 4326
62170 4326
62180 4326
62190 4327
62200 4327
62210 4327
62220 4327
62230 4328
62240 4328
62250 4328
62260 4329
62270 4329
62280 4329
62290 4329
62300 4330
62310 4331
62320 4331
62330 4332
62340 4333
62350 4334
62360 4334
62370 4334
62380 4334
62390 4334
62400 4335
62410 4335
62420 4335
62430 4335
62440 4335
62450 4335
62460 4335
62470 4335
62480 4336
62490 4336
62500 4337
62510 4337
62520 4337
62530 4337
62540 4337
62550 4337
62560 4339
62570 4342
62580 4342
62590 4342
62600 4343
62610 4343
62620 4343
62630 4344
62640 4344
62650 4344
62660 4346
62670 4346
62680 4347
62690 4349
62700 4349
62710 4350
62720 4351
62730 4352
62740 4352
62750 4352
62760 4352
62770 4354
62780 4355
62790 4356
62800 4357
62810 4357
62820 4358
62830 4358
62840 4358
62850 4358
62860 4358
62870 4360
62880 4360
62890 4361
62900 4361
62910 4361
62920 4361
62930 4361
62940 4363
62950 4363
62960 4363
62970 4363
62980 4363
62990 4363
63000 4363
63010 4363
63020 4363
63030 4364
63040 4364
63050 4366
63060 4367
63070 4367
63080 4369
63090 4369
63100 4369
63110 4369
63120 4369
63130 4369
63140 4369
63150 4369
63160 4370
63170 4370
63180 4370
63190 4370
63200 4371
63210 4371
63220 4371
63230 4371
63240 4371
63250 4371
63260 4371
63270 4371
63280 4371
63290 4371
63300 4371
63310 4371
63320 4371
63330 4371
63340 4371
63350 4371
63360 4372
63370 4372
63380 4372
63390 4372
63400 4373
63410 4374
63420 4375
63430 4375
63440 4375
63450 4375
63460 4376
63470 4376
63480 4376
63490 4377
63500 4377
63510 4377
63520 4377
63530 4378
63540 4379
63550 4380
63560 4380
63570 4380
63580 4380
63590 4380
63600 4380
63610 4381
63620 4381
63630 4381
63640 4381
63650 4381
63660 4381
63670 4381
63680 4381
63690 4381
63700 4381
63710 4381
63720 4381
63730 4381
63740 4381
63750 4381
63760 4381
63770 4381
63780 4381
63790 4381
63800 4381
63810 4381
63820 4381
63830 4381
63840 4381
63850 4381
63860 4381
63870 4382
63880 4382
63890 4382
63900 4382
63910 4382
63920 4383
63930 4383
63940 4383
63950 4383
63960 4384
63970 4384
63980 4384
63990 4384
64000 4384
64010 4384
64020 4384
64030 4384
64040 4384
64050 4384
64060 4384
64070 4384
64080 4384
64090 4384
64100 4384
64110 4384
64120 4384
64130 4384
64140 4384
64150 4384
64160 4384
64170 4384
64180 4384
64190 4384
64200 4384
64210 4384
64220 4384
64230 4384
64240 4384
64250 4385
64260 4385
64270 4385
64280 4385
64290 4385
64300 4385
64310 4385
64320 4385
64330 4385
64340 4385
64350 4385
64360 4385
64370 4385
64380 4385
64390 4385
64400 4385
64410 4385
64420 4385
64430 4385
64440 4385
64450 4385
64460 4385
64470 4385
64480 4388
64490 4388
64500 4388
64510 4388
64520 4389
64530 4389
64540 4389
64550 4389
64560 4389
64570 4389
64580 4391
64590 4391
64600 4391
64610 4391
64620 4391
64630 4391
64640 4391
64650 4391
64660 4391
64670 4391
64680 4391
64690 4391
64700 4391
64710 4391
64720 4391
64730 4391
64740 4391
64750 4391
64760 4391
64770 4391
64780 4391
64790 4391
64800 4392
64810 4393
64820 4393
64830 4394
64840 4394
64850 4394
64860 4394
64870 4394
64880 4394
64890 4395
64900 4395
64910 4395
64920 4395
64930 4398
64940 4398
64950 4398
64960 4398
64970 4398
64980 4398
64990 4399
65000 4399
65010 4399
65020 4399
65030 4401
65040 4401
65050 4401
65060 4401
65070 4401
65080 4402
65090 4402
65100 4402
65110 4402
65120 4402
65130 4402
65140 4402
65150 4402
65160 4402
65170 4402
65180 4402
65190 4402
65200 4402
65210 4402
65220 4402
65230 4402
65240 4402
65250 4402
65260 4402
65270 4402
65280 4402
65290 4402
65300 4403
65310 4403
65320 4404
65330 4404
65340 4405
65350 4405
65360 4405
65370 4405
65380 4405
65390 4405
65400 4406
65410 4406
65420 4406
65430 4406
65440 4406
65450 4406
65460 4406
65470 4406
65480 4407
65490 4407
65500 4407
65510 4407
65520 4407
65530 4407
65540 4407
65550 4407
65560 4407
65570 4407
65580 4409
65590 4409
65600 4410
65610 4410
65620 4412
65630 4412
65640 4413
65650 4413
65660 4413
65670 4413
65680 4413
65690 4413
65700 4413
65710 4413
65720 4413
65730 4413
65740 4414
65750 4415
65760 4415
65770 4415
65780 4415
65790 4415
65800 4415
65810 4415
65820 4415
65830 4415
65840 4415
65850 4415
65860 4415
65870 4415
65880 4415
65890 4415
65900 4415
65910 4415
65920 4415
65930 4415
65940 4416
65950 4416
65960 4416
65970 4416
65980 4417
65990 4417
66000 4417
66010 4417
66020 4417
66030 4417
66040 4417
66050 4417
66060 4417
66070 4417
66080 4417
66090 4417
66100 4417
66110 4417
66120 4418
66130 4418
66140 4418
66150 4418
66160 4418
66170 4418
66180 4418
66190 4418
66200 4418
66210 4418
66220 4418
66230 4418
66240 4418
66250 4418
66260 4419
66270 4419
66280 4419
66290 4419
66300 4420
66310 4421
66320 4421
66330 4421
66340 4421
66350 4421
66360 4421
66370 4422
66380 4422
66390 4422
66400 4422
66410 4422
66420 4422
66430 4422
66440 4422
66450 4422
66460 4422
66470 4422
66480 4422
66490 4422
66500 4422
66510 4422
66520 4422
66530 4422
66540 4422
66550 4422
66560 4422
66570 4422
66580 4422
66590 4422
66600 4422
66610 4422
66620 4422
66630 4422
66640 4422
66650 4422
66660 4422
66670 4423
66680 4423
66690 4423
66700 4424
66710 4424
66720 4425
66730 4427
66740 4427
66750 4427
66760 4427
66770 4428
66780 4428
66790 4428
66800 4430
66810 4430
66820 4436
66830 4436
66840 4436
66850 4436
66860 4436
66870 4436
66880 4436
66890 4437
66900 4438
66910 4438
66920 4438
66930 4438
66940 4438
66950 4438
66960 4438
66970 4438
66980 4439
66990 4439
67000 4439
67010 4439
67020 4439
67030 4439
67040 4439
67050 4439
67060 4439
67070 4439
67080 4439
67090 4440
67100 4440
67110 4440
67120 4440
67130 4440
67140 4440
67150 4440
67160 4440
67170 4440
67180 4441
67190 4442
67200 4442
67210 4442
67220 4442
67230 4442
67240 4443
67250 4443
67260 4443
67270 4443
67280 4443
67290 4443
67300 4443
67310 4443
67320 4444
67330 4444
67340 4444
67350 4444
67360 4446
67370 4446
67380 4446
67390 4447
67400 4447
67410 4447
67420 4447
67430 4447
67440 4447
67450 4448
67460 4448
67470 4449
67480 4449
67490 4449
67500 4449
67510 4449
67520 4449
67530 4450
67540 4450
67550 4450
67560 4450
67570 4450
67580 4450
67590 4450
67600 4451
67610 4452
67620 4452
67630 4452
67640 4455
67650 4456
67660 4458
67670 4458
67680 4461
67690 4462
67700 4468
67710 4471
67720 4473
67730 4473
67740 4473
67750 4474
67760 4476
67770 4479
67780 4481
67790 4482
67800 4483
67810 4484
67820 4484
67830 4484
67840 4485
67850 4486
67860 4488
67870 4491
67880 4491
67890 4496
67900 4499
67910 4500
67920 4500
67930 4500
67940 4500
67950 4501
67960 4501
67970 4501
67980 4501
67990 4501
68000 4501
68010 4501
68020 4501
68030 4502
68040 4502
68050 4502
68060 4503
68070 4503
68080 4503
68090 4503
68100 4503
68110 4503
68120 4504
68130 4505
68140 4505
68150 4505
68160 4505
68170 4505
68180 4505
68190 4506
68200 4506
68210 4506
68220 4507
68230 4507
68240 4508
68250 4508
68260 4508
68270 4509
68280 4509
68290 4509
68300 4509
68310 4510
68320 4510
68330 4510
68340 4510
68350 4510
68360 4510
68370 4510
68380 4510
68390 4510
68400 4511
68410 4512
68420 4512
68430 4512
68440 4513
68450 4513
68460 4513
68470 4513
68480 4514
68490 4517
68500 4517
68510 4517
68520 4517
68530 4519
68540 4522
68550 4522
68560 4523
68570 4523
68580 4523
68590 4524
68600 4525
68610 4525
68620 4525
68630 4526
68640 4526
68650 4527
68660 4527
68670 4527
68680 4528
68690 4529
68700 4530
68710 4533
68720 4533
68730 4533
68740 4534
68750 4534
68760 4535
68770 4536
68780 4536
68790 4536
68800 4536
68810 4536
68820 4536
68830 4536
68840 4536
68850 4536
68860 4537
68870 4537
68880 4538
68890 4538
68900 4538
68910 4538
68920 4538
68930 4538
68940 4538
68950 4538
68960 4538
68970 4538
68980 4538
68990 4538
69000 4538
69010 4538
69020 4538
69030 4539
69040 4539
69050 4539
69060 4539
69070 4540
69080 4540
69090 4541
69100 4541
69110 4541
69120 4542
69130 4542
69140 4542
69150 4542
69160 4542
69170 4542
69180 4542
69190 4543
69200 4543
69210 4544
69220 4545
69230 4545
69240 4545
69250 4546
69260 4547
69270 4547
69280 4547
69290 4547
69300 4547
69310 4547
69320 4547
69330 4547
69340 4548
69350 4548
69360 4548
69370 4548
69380 4549
69390 4551
69400 4551
69410 4551
69420 4552
69430 4553
69440 4553
69450 4554
69460 4555
69470 4555
69480 4556
69490 4556
69500 4556
69510 4556
69520 4556
69530 4556
69540 4556
69550 4556
69560 4556
69570 4557
69580 4557
69590 4558
69600 4558
69610 4558
69620 4558
69630 4558
69640 4559
69650 4561
69660 4561
69670 4562
69680 4562
69690 4563
69700 4563
69710 4563
69720 4564
69730 4564
69740 4564
69750 4565
69760 4566
69770 4566
69780 4566
69790 4566
69800 4566
69810 4566
69820 4566
69830 4568
69840 4568
69850 4568
69860 4569
69870 4569
69880 4570
69890 4570
69900 4570
69910 4570
69920 4571
69930 4572
69940 4572
69950 4572
69960 4572
69970 4572
69980 4572
69990 4573
70000 4573
70010 4573
70020 4574
70030 4574
70040 4574
70050 4574
70060 4574
70070 4574
70080 4574
70090 4574
70100 4574
70110 4574
70120 4574
70130 4574
70140 4575
70150 4575
70160 4576
70170 4577
70180 4577
70190 4577
70200 4577
70210 4577
70220 4577
70230 4578
70240 4579
70250 4579
70260 4580
70270 4580
70280 4581
70290 4581
70300 4581
70310 4581
70320 4581
70330 4582
70340 4582
70350 4583
70360 4585
70370 4585
70380 4585
70390 4585
70400 4585
70410 4585
70420 4585
70430 4585
70440 4586
70450 4586
70460 4586
70470 4586
70480 4586
70490 4588
70500 4588
70510 4588
70520 4588
70530 4590
70540 4591
70550 4591
70560 4592
70570 4593
70580 4594
70590 4594
70600 4594
70610 4594
70620 4594
70630 4594
70640 4594
70650 4594
70660 4596
70670 4597
70680 4597
70690 4597
70700 4597
70710 4597
70720 4597
70730 4598
70740 4598
70750 4598
70760 4598
70770 4599
70780 4602
70790 4602
70800 4604
70810 4605
70820 4605
70830 4605
70840 4606
70850 4606
70860 4608
70870 4608
70880 4608
70890 4608
70900 4608
70910 4608
70920 4608
70930 4608
70940 4608
70950 4611
70960 4611
70970 4611
70980 4611
70990 4611
71000 4611
71010 4611
71020 4611
71030 4611
71040 4611
71050 4611
71060 4611
71070 4611
71080 4611
71090 4611
71100 4611
71110 4611
71120 4611
71130 4611
71140 4612
71150 4612
71160 4612
71170 4613
71180 4613
71190 4613
71200 4613
71210 4613
71220 4613
71230 4613
71240 4613
71250 4614
71260 4615
71270 4617
71280 4619
71290 4620
71300 4620
71310 4620
71320 4620
71330 4620
71340 4624
71350 4625
71360 4625
71370 4625
71380 4626
71390 4626
71400 4627
71410 4627
71420 4627
71430 4627
71440 4627
71450 4627
71460 4627
71470 4627
71480 4628
71490 4629
71500 4629
71510 4629
71520 4629
71530 4629
71540 4629
71550 4629
71560 4629
71570 4629
71580 4629
71590 4631
71600 4631
71610 4631
71620 4631
71630 4631
71640 4631
71650 4631
71660 4631
71670 4631
71680 4631
71690 4631
71700 4631
71710 4631
71720 4631
71730 4631
71740 4631
71750 4631
71760 4631
71770 4631
71780 4631
71790 4631
71800 4631
71810 4631
71820 4631
71830 4632
71840 4632
71850 4633
71860 4633
71870 4633
71880 4633
71890 4633
71900 4633
71910 4633
71920 4634
71930 4634
71940 4634
71950 4634
71960 4634
71970 4634
71980 4634
71990 4634
72000 4634
72010 4635
72020 4636
72030 4636
72040 4636
72050 4637
72060 4637
72070 4638
72080 4639
72090 4639
72100 4639
72110 4640
72120 4640
72130 4640
72140 4640
72150 4640
72160 4640
72170 4640
72180 4640
72190 4640
72200 4640
72210 4640
72220 4640
72230 4640
72240 4641
72250 4641
72260 4641
72270 4641
72280 4642
72290 4642
72300 4642
72310 4642
72320 4642
72330 4642
72340 4642
72350 4642
72360 4643
72370 4643
72380 4643
72390 4643
72400 4644
72410 4644
72420 4645
72430 4645
72440 4646
72450 4646
72460 4646
72470 4647
72480 4647
72490 4647
72500 4648
72510 4648
72520 4648
72530 4648
72540 4648
72550 4649
72560 4649
72570 4649
72580 4649
72590 4649
72600 4649
72610 4649
72620 4649
72630 4649
72640 4649
72650 4649
72660 4649
72670 4649
72680 4649
72690 4650
72700 4651
72710 4651
72720 4651
72730 4652
72740 4652
72750 4652
72760 4652
72770 4652
72780 4652
72790 4652
72800 4652
72810 4652
72820 4652
72830 4652
72840 4652
72850 4653
72860 4653
72870 4653
72880 4654
72890 4655
72900 4655
72910 4655
72920 4655
72930 4655
72940 4655
72950 4655
72960 4655
72970 4656
72980 4657
72990 4657
73000 4657
73010 4657
73020 4658
73030 4658
73040 4658
73050 4658
73060 4658
73070 4659
73080 4659
73090 4659
73100 4659
73110 4659
73120 4659
73130 4660
73140 4661
73150 4662
73160 4662
73170 4662
73180 4662
73190 4663
73200 4663
73210 4663
73220 4663
73230 4663
73240 4663
73250 4663
73260 4664
73270 4665
73280 4666
73290 4666
73300 4667
73310 4667
73320 4667
73330 4667
73340 4667
73350 4668
73360 4669
73370 4670
73380 4670
73390 4671
73400 4672
73410 4672
73420 4672
73430 4672
73440 4672
73450 4672
73460 4672
73470 4672
73480 4672
73490 4672
73500 4672
73510 4672
73520 4672
73530 4673
73540 4673
73550 4673
73560 4675
73570 4676
73580 4676
73590 4676
73600 4676
73610 4676
73620 4676
73630 4676
73640 4676
73650 4676
73660 4676
73670 4677
73680 4677
73690 4677
73700 4677
73710 4677
73720 4677
73730 4678
73740 4678
73750 4679
73760 4679
73770 4680
73780 4680
73790 4680
73800 4680
73810 4680
73820 4680
73830 4680
73840 4680
73850 4682
73860 4682
73870 4682
73880 4682
73890 4683
73900 4683
73910 4683
73920 4683
73930 4684
73940 4686
73950 4686
73960 4687
73970 4688
73980 4689
73990 4689
74000 4689
74010 4689
74020 4689
74030 4690
74040 4690
74050 4691
74060 4691
74070 4691
74080 4692
74090 4692
74100 4693
74110 4693
74120 4694
74130 4694
74140 4694
74150 4696
74160 4697
74170 4697
74180 4697
74190 4697
74200 4697
74210 4697
74220 4697
74230 4698
74240 4698
74250 4698
74260 4698
74270 4698
74280 4698
74290 4698
74300 4698
74310 4698
74320 4698
74330 4698
74340 4699
74350 4699
74360 4699
74370 4699
74380 4700
74390 4700
74400 4700
74410 4701
74420 4701
74430 4702
74440 4702
74450 4702
74460 4702
74470 4702
74480 4703
74490 4703
74500 4703
74510 4703
74520 4703
74530 4703
74540 4705
74550 4705
74560 4705
74570 4706
74580 4706
74590 4706
74600 4707
74610 4707
74620 4707
74630 4709
74640 4709
74650 4709
74660 4709
74670 4709
74680 4709
74690 4710
74700 4710
74710 4710
74720 4710
74730 4710
74740 4710
74750 4710
74760 4710
74770 4710
74780 4711
74790 4711
74800 4712
74810 4712
74820 4712
74830 4712
74840 4712
74850 4713
74860 4713
74870 4713
74880 4713
74890 4713
74900 4713
74910 4713
74920 4714
74930 4714
74940 4714
74950 4714
74960 4714
74970 4714
74980 4714
74990 4714
75000 4714
75010 4714
75020 4714
75030 4714
75040 4714
75050 4714
75060 4714
75070 4714
75080 4714
75090 4715
75100 4715
75110 4716
75120 4717
75130 4717
75140 4717
75150 4717
75160 4717
75170 4717
75180 4717
75190 4717
75200 4717
75210 4719
75220 4719
75230 4719
75240 4719
75250 4719
75260 4719
75270 4719
75280 4719
75290 4720
75300 4720
75310 4720
75320 4720
75330 4721
75340 4721
75350 4721
75360 4721
75370 4722
75380 4722
75390 4723
75400 4723
75410 4723
75420 4723
75430 4723
75440 4723
75450 4723
75460 4724
75470 4724
75480 4724
75490 4724
75500 4724
75510 4725
75520 4725
75530 4725
75540 4726
75550 4726
75560 4726
75570 4727
75580 4728
75590 4728
75600 4729
75610 4729
75620 4729
75630 4729
75640 4729
75650 4729
75660 4730
75670 4730
75680 4730
75690 4730
75700 4731
75710 4731
75720 4732
75730 4732
75740 4732
75750 4732
75760 4733
75770 4733
75780 4733
75790 4733
75800 4733
75810 4733
75820 4733
75830 4733
75840 4733
75850 4733
75860 4733
75870 4733
75880 4733
75890 4733
75900 4735
75910 4735
75920 4736
75930 4736
75940 4736
75950 4736
75960 4736
75970 4736
75980 4737
75990 4737
76000 4737
76010 4737
76020 4737
76030 4737
76040 4737
76050 4737
76060 4737
76070 4738
76080 4738
76090 4738
76100 4739
76110 4739
76120 4739
76130 4739
76140 4740
76150 4740
76160 4740
76170 4740
76180 4740
76190 4740
76200 4740
76210 4740
76220 4740
76230 4740
76240 4740
76250 4740
76260 4740
76270 4740
76280 4740
76290 4740
76300 4741
76310 4741
76320 4741
76330 4741
76340 4741
76350 4741
76360 4741
76370 4741
76380 4741
76390 4741
76400 4741
76410 4741
76420 4741
76430 4742
76440 4744
76450 4746
76460 4746
76470 4746
76480 4746
76490 4746
76500 4746
76510 4746
76520 4746
76530 4746
76540 4746
76550 4746
76560 4746
76570 4746
76580 4746
76590 4746
76600 4746
76610 4746
76620 4746
76630 4747
76640 4747
76650 4747
76660 4747
76670 4747
76680 4748
76690 4748
76700 4748
76710 4749
76720 4749
76730 4749
76740 4750
76750 4751
76760 4751
76770 4752
76780 4752
76790 4753
76800 4753
76810 4753
76820 4753
76830 4753
76840 4754
76850 4754
76860 4754
76870 4754
76880 4755
76890 4756
76900 4756
76910 4756
76920 4756
76930 4756
76940 4756
76950 4756
76960 4756
76970 4756
76980 4756
76990 4756
77000 4756
77010 4756
77020 4757
77030 4757
77040 4757
77050 4757
77060 4757
77070 4758
77080 4758
77090 4759
77100 4759
77110 4759
77120 4759
77130 4759
77140 4761
77150 4762
77160 4762
77170 4763
77180 4764
77190 4764
77200 4764
77210 4764
77220 4764
77230 4765
77240 4766
77250 4766
77260 4768
77270 4768
77280 4768
77290 4769
77300 4769
77310 4769
77320 4769
77330 4769
77340 4770
77350 4770
77360 4771
77370 4772
77380 4772
77390 4772
77400 4772
77410 4772
77420 4773
77430 4773
77440 4774
77450 4775
77460 4776
77470 4776
77480 4776
77490 4776
77500 4778
77510 4781
77520 4782
77530 4783
77540 4783
77550 4783
77560 4784
77570 4784
77580 4786
77590 4786
77600 4786
77610 4786
77620 4787
77630 4787
77640 4787
77650 4788
77660 4788
77670 4788
77680 4788
77690 4788
77700 4788
77710 4788
77720 4788
77730 4788
77740 4788
77750 4788
77760 4788
77770 4788
77780 4789
77790 4789
77800 4790
77810 4790
77820 4791
77830 4792
77840 4792
77850 4793
77860 4793
77870 4794
77880 4795
77890 4795
77900 4795
77910 4795
77920 4795
77930 4795
77940 4795
77950 4795
77960 4795
77970 4795
77980 4795
77990 4796
78000 4796
78010 4796
78020 4796
78030 4796
78040 4796
78050 4798
78060 4798
78070 4798
78080 4798
78090 4798
78100 4798
78110 4799
78120 4800
78130 4800
78140 4800
78150 4800
78160 4800
78170 4801
78180 4801
78190 4801
78200 4801
78210 4801
78220 4801
78230 4801
78240 4801
78250 4801
78260 4802
78270 4802
78280 4802
78290 4802
78300 4802
78310 4802
78320 4803
78330 4804
78340 4805
78350 4805
78360 4805
78370 4805
78380 4805
78390 4806
78400 4806
78410 4807
78420 4808
78430 4808
78440 4809
78450 4809
78460 4809
78470 4809
78480 4809
78490 4810
78500 4810
78510 4810
78520 4810
78530 4810
78540 4810
78550 4810
78560 4811
78570 4811
78580 4813
78590 4814
78600 4815
78610 4815
78620 4817
78630 4818
78640 4818
78650 4818
78660 4818
78670 4819
78680 4819
78690 4820
78700 4821
78710 4821
78720 4821
78730 4821
78740 4822
78750 4822
78760 4822
78770 4822
78780 4824
78790 4824
78800 4825
78810 4826
78820 4826
78830 4826
78840 4826
78850 4826
78860 4827
78870 4828
78880 4828
78890 4828
78900 4829
78910 4829
78920 4830
78930 4830
78940 4831
78950 4831
78960 4831
78970 4832
78980 4832
78990 4832
79000 4832
79010 4832
79020 4832
79030 4832
79040 4832
79050 4832
79060 4832
79070 4832
79080 4832
79090 4832
79100 4833
79110 4833
79120 4833
79130 4833
79140 4833
79150 4833
79160 4833
79170 4834
79180 4835
79190 4836
79200 4837
79210 4837
79220 4837
79230 4837
79240 4838
79250 4840
79260 4840
79270 4841
79280 4842
79290 4842
79300 4842
79310 4842
79320 4843
79330 4843
79340 4843
79350 4843
79360 4843
79370 4844
79380 4844
79390 4844
79400 4844
79410 4845
79420 4845
79430 4845
79440 4846
79450 4846
79460 4846
79470 4847
79480 4848
79490 4848
79500 4848
79510 4848
79520 4848
79530 4848
79540 4848
79550 4848
79560 4849
79570 4849
79580 4850
79590 4851
79600 4851
79610 4851
79620 4851
79630 4851
79640 4852
79650 4852
79660 4852
79670 4852
79680 4854
79690 4855
79700 4855
79710 4855
79720 4855
79730 4855
79740 4855
79750 4855
79760 4855
79770 4855
79780 4856
79790 4856
79800 4857
79810 4857
79820 4857
79830 4858
79840 4858
79850 4858
79860 4858
79870 4858
79880 4858
79890 4858
79900 4858
79910 4858
79920 4858
79930 4858
79940 4858
79950 4858
79960 4859
79970 4860
79980 4860
79990 4860
80000 4860
80010 4860
80020 4860
80030 4860
80040 4861
80050 4862
80060 4862
80070 4862
80080 4863
80090 4863
80100 4863
80110 4863
80120 4863
80130 4863
80140 4863
80150 4863
80160 4864
80170 4865
80180 4865
80190 4865
80200 4866
80210 4866
80220 4867
80230 4867
80240 4867
80250 4867
80260 4867
80270 4867
80280 4867
80290 4868
80300 4868
80310 4868
80320 4868
80330 4868
80340 4868
80350 4869
80360 4869
80370 4870
80380 4870
80390 4870
80400 4870
80410 4871
80420 4871
80430 4872
80440 4872
80450 4873
80460 4873
80470 4873
80480 4873
80490 4874
80500 4874
80510 4874
80520 4874
80530 4875
80540 4875
80550 4875
80560 4876
80570 4877
80580 4877
80590 4879
80600 4879
80610 4879
80620 4879
80630 4879
80640 4880
80650 4880
80660 4880
80670 4881
80680 4882
80690 4882
80700 4882
80710 4882
80720 4882
80730 4882
80740 4882
80750 4882
80760 4882
80770 4884
80780 4884
80790 4884
80800 4884
80810 4884
80820 4884
80830 4884
80840 4884
80850 4884
80860 4884
80870 4884
80880 4884
80890 4884
80900 4884
80910 4884
80920 4884
80930 4884
80940 4884
80950 4885
80960 4885
80970 4886
80980 4887
80990 4887
81000 4887
81010 4887
81020 4887
81030 4887
81040 4889
81050 4890
81060 4890
81070 4890
81080 4890
81090 4890
81100 4890
81110 4891
81120 4891
81130 4892
81140 4892
81150 4892
81160 4892
81170 4892
81180 4892
81190 4892
81200 4892
81210 4892
81220 4892
81230 4892
81240 4892
81250 4893
81260 4893
81270 4893
81280 4893
81290 4895
81300 4895
81310 4895
81320 4895
81330 4895
81340 4895
81350 4895
81360 4895
81370 4895
81380 4896
81390 4896
81400 4896
81410 4896
81420 4896
81430 4896
81440 4897
81450 4898
81460 4899
81470 4899
81480 4899
81490 4899
81500 4899
81510 4899
81520 4899
81530 4899
81540 4899
81550 4899
81560 4899
81570 4900
81580 4900
81590 4901
81600 4901
81610 4901
81620 4901
81630 4901
81640 4901
81650 4901
81660 4904
81670 4904
81680 4904
81690 4904
81700 4904
81710 4905
81720 4905
81730 4905
81740 4906
81750 4906
81760 4907
81770 4907
81780 4909
81790 4909
81800 4909
81810 4909
81820 4909
81830 4910
81840 4910
81850 4910
81860 4910
81870 4910
81880 4910
81890 4910
81900 4910
81910 4911
81920 4911
81930 4911
81940 4911
81950 4911
81960 4911
81970 4911
81980 4911
81990 4911
82000 4911
82010 4911
82020 4911
82030 4912
82040 4913
82050 4913
82060 4913
82070 4913
82080 4914
82090 4915
82100 4915
82110 4915
82120 4915
82130 4917
82140 4917
82150 4917
82160 4917
82170 4917
82180 4917
82190 4917
82200 4917
82210 4917
82220 4917
82230 4917
82240 4917
82250 4917
82260 4918
82270 4918
82280 4918
82290 4918
82300 4918
82310 4918
82320 4918
82330 4918
82340 4918
82350 4918
82360 4918
82370 4918
82380 4918
82390 4918
82400 4918
82410 4918
82420 4919
82430 4919
82440 4919
82450 4919
82460 4919
82470 4919
82480 4919
82490 4919
82500 4919
82510 4919
82520 4919
82530 4919
82540 4919
82550 4919
82560 4921
82570 4922
82580 4923
82590 4923
82600 4924
82610 4924
82620 4924
82630 4924
82640 4924
82650 4924
82660 4925
82670 4925
82680 4926
82690 4926
82700 4927
82710 4928
82720 4928
82730 4928
82740 4928
82750 4928
82760 4928
82770 4928
82780 4928
82790 4928
82800 4928
82810 4928
82820 4928
82830 4928
82840 4928
82850 4928
82860 4928
82870 4928
82880 4928
82890 4929
82900 4929
82910 4930
82920 4930
82930 4930
82940 4930
82950 4930
82960 4930
82970 4930
82980 4931
82990 4931
83000 4933
83010 4933
83020 4933
83030 4933
83040 4933
83050 4933
83060 4933
83070 4933
83080 4933
83090 4933
83100 4933
83110 4934
83120 4934
83130 4934
83140 4934
83150 4934
83160 4934
83170 4934
83180 4934
83190 4934
83200 4934
83210 4934
83220 4935
83230 4935
83240 4936
83250 4937
83260 4937
83270 4937
83280 4937
83290 4937
83300 4938
83310 4938
83320 4938
83330 4938
83340 4939
83350 4940
83360 4940
83370 4940
83380 4940
83390 4941
83400 4941
83410 4941
83420 4941
83430 4942
83440 4942
83450 4942
83460 4942
83470 4942
83480 4942
83490 4942
83500 4943
83510 4943
83520 4943
83530 4943
83540 4943
83550 4944
83560 4944
83570 4944
83580 4944
83590 4945
83600 4945
83610 4945
83620 4945
83630 4947
83640 4947
83650 4947
83660 4948
83670 4948
83680 4948
83690 4948
83700 4948
83710 4948
83720 4948
83730 4948
83740 4948
83750 4948
83760 4948
83770 4948
83780 4949
83790 4950
83800 4951
83810 4951
83820 4953
83830 4953
83840 4953
83850 4953
83860 4953
83870 4953
83880 4953
83890 4953
83900 4953
83910 4953
83920 4954
83930 4955
83940 4955
83950 4955
83960 4956
83970 4956
83980 4956
83990 4956
84000 4956
84010 4956
84020 4956
84030 4957
84040 4957
84050 4957
84060 4957
84070 4957
84080 4957
84090 4957
84100 4957
84110 4957
84120 4958
84130 4959
84140 4959
84150 4959
84160 4960
84170 4960
84180 4960
84190 4960
84200 4961
84210 4961
84220 4961
84230 4961
84240 4961
84250 4961
84260 4961
84270 4961
84280 4961
84290 4961
84300 4961
84310 4961
84320 4961
84330 4961
84340 4961
84350 4961
84360 4962
84370 4962
84380 4962
84390 4962
84400 4962
84410 4962
84420 4963
84430 4964
84440 4964
84450 4965
84460 4965
84470 4965
84480 4966
84490 4966
84500 4966
84510 4966
84520 4966
84530 4967
84540 4967
84550 4967
84560 4967
84570 4967
84580 4967
84590 4968
84600 4968
84610 4968
84620 4968
84630 4968
84640 4968
84650 4968
84660 4968
84670 4969
84680 4969
84690 4969
84700 4969
84710 4970
84720 4972
84730 4972
84740 4972
84750 4973
84760 4973
84770 4975
84780 4976
84790 4976
84800 4976
84810 4977
84820 4977
84830 4978
84840 4978
84850 4978
84860 4978
84870 4978
84880 4978
84890 4978
84900 4978
84910 4978
84920 4979
84930 4979
84940 4979
84950 4979
84960 4979
84970 4979
84980 4979
84990 4979
85000 4980
85010 4980
85020 4980
85030 4981
85040 4982
85050 4982
85060 4982
85070 4983
85080 4983
85090 4984
85100 4984
85110 4985
85120 4985
85130 4985
85140 4985
85150 4985
85160 4985
85170 4985
85180 4985
85190 4985
85200 4985
85210 4985
85220 4985
85230 4986
85240 4986
85250 4986
85260 4986
85270 4986
85280 4987
85290 4987
85300 4988
85310 4989
85320 4990
85330 4991
85340 4991
85350 4991
85360 4992
85370 4993
85380 4993
85390 4993
85400 4994
85410 4995
85420 4996
85430 4996
85440 4996
85450 4996
85460 4996
85470 4996
85480 4996
85490 4996
85500 4996
85510 4996
85520 4996
85530 4997
85540 4997
85550 4999
85560 4999
85570 4999
85580 4999
85590 4999
85600 4999
85610 4999
85620 5000
85630 5000
85640 5001
85650 5001
85660 5001
85670 5001
85680 5001
85690 5001
85700 5001
85710 5001
85720 5003
85730 5003
85740 5003
85750 5003
85760 5003
85770 5004
85780 5004
85790 5004
85800 5004
85810 5004
85820 5005
85830 5005
85840 5005
85850 5005
85860 5006
85870 5006
85880 5006
85890 5006
85900 5008
85910 5009
85920 5009
85930 5009
85940 5009
85950 5009
85960 5009
85970 5010
85980 5011
85990 5011
86000 5011
86010 5011
86020 5011
86030 5011
86040 5011
86050 5011
86060 5011
86061 5011
